1
1 293
1.46578e-08   5094.726074  4.66850e-01  0.00000e+00  0.00000e+00  0.00000e+00  0.00000e+00
5.37629e-08   5094.478027  4.67450e-01  0.00000e+00  0.00000e+00  0.00000e+00  0.00000e+00
1.05372e-07   5094.150391  4.68240e-01  0.00000e+00  0.00000e+00  0.00000e+00  0.00000e+00
1.73373e-07   5093.719238  4.69281e-01  0.00000e+00  0.00000e+00  0.00000e+00  0.00000e+00
2.63456e-07   5093.150391  4.70654e-01  0.00000e+00  0.00000e+00  0.00000e+00  0.00000e+00
3.82627e-07   5092.400391  4.72464e-01  0.00000e+00  0.00000e+00  0.00000e+00  0.00000e+00
5.40576e-07   5091.411621  4.74850e-01  0.00000e+00  0.00000e+00  0.00000e+00  0.00000e+00
7.50279e-07   5090.108887  4.77995e-01  0.00000e+00  0.00000e+00  0.00000e+00  0.00000e+00
1.02912e-06   5088.391113  4.82142e-01  0.00000e+00  0.00000e+00  0.00000e+00  0.00000e+00
1.40186e-06   5086.126465  4.87607e-01  0.00000e+00  0.00000e+00  0.00000e+00  0.00000e+00
1.90501e-06   5081.111328  4.97575e-01  0.00000e+00  0.00000e+00  0.00000e+00  0.00000e+00
2.59384e-06   5072.300781  5.13887e-01  0.00000e+00  0.00000e+00  0.00000e+00  0.00000e+00
3.55509e-06   5058.962891  5.38868e-01  0.00000e+00  0.00000e+00  0.00000e+00  0.00000e+00
4.94879e-06   5038.967773  5.75543e-01  0.00000e+00  0.00000e+00  0.00000e+00  0.00000e+00
7.17910e-06   4975.469238  6.13101e-01  0.00000e+00  0.00000e+00  0.00000e+00  0.00000e+00
1.12858e-05   4851.174316  6.56216e-01  0.00000e+00  0.00000e+00  0.00000e+00  0.00000e+00
1.71912e-05   4874.927734  6.91639e-01  0.00000e+00  0.00000e+00  0.00000e+00  0.00000e+00
2.09785e-05   5108.195312  6.81135e-01  0.00000e+00  0.00000e+00  0.00000e+00  0.00000e+00
2.37784e-05   5263.457520  6.20583e-01  0.00000e+00  0.00000e+00  0.00000e+00  0.00000e+00
2.64231e-05   5382.756836  5.75277e-01  0.00000e+00  0.00000e+00  0.00000e+00  0.00000e+00
2.91072e-05   5471.118164  5.58704e-01  0.00000e+00  0.00000e+00  0.00000e+00  0.00000e+00
3.22153e-05   5528.135742  5.78399e-01  0.00000e+00  0.00000e+00  0.00000e+00  0.00000e+00
3.78803e-05   5531.213379  6.47821e-01  0.00000e+00  0.00000e+00  0.00000e+00  0.00000e+00
5.06779e-05   5017.183105  1.06798e+00  0.00000e+00  0.00000e+00  0.00000e+00  0.00000e+00
5.30766e-05   4871.124512  1.13174e+00  0.00000e+00  0.00000e+00  0.00000e+00  0.00000e+00
5.68941e-05   4775.129883  1.17717e+00  0.00000e+00  0.00000e+00  0.00000e+00  0.00000e+00
6.09239e-05   4759.039551  1.23932e+00  0.00000e+00  0.00000e+00  0.00000e+00  0.00000e+00
6.51052e-05   4804.097168  1.31445e+00  0.00000e+00  0.00000e+00  0.00000e+00  0.00000e+00
6.93075e-05   4888.921875  1.33167e+00  0.00000e+00  0.00000e+00  0.00000e+00  0.00000e+00
7.33322e-05   4985.462402  1.33012e+00  0.00000e+00  0.00000e+00  0.00000e+00  0.00000e+00
7.75845e-05   5058.080566  1.17864e+00  0.00000e+00  0.00000e+00  0.00000e+00  0.00000e+00
9.52695e-05   5254.487305  5.69063e-01  0.00000e+00  0.00000e+00  0.00000e+00  0.00000e+00
9.69037e-05   5279.496582  5.79381e-01  0.00000e+00  0.00000e+00  0.00000e+00  0.00000e+00
1.04147e-04   5137.078125  6.16309e-01  0.00000e+00  0.00000e+00  0.00000e+00  0.00000e+00
1.05602e-04   5094.292969  6.63600e-01  0.00000e+00  0.00000e+00  0.00000e+00  0.00000e+00
1.07867e-04   5054.897461  7.34622e-01  0.00000e+00  0.00000e+00  0.00000e+00  0.00000e+00
1.10410e-04   5017.527832  8.22504e-01  0.00000e+00  0.00000e+00  0.00000e+00  0.00000e+00
1.13255e-04   4961.337402  9.10335e-01  0.00000e+00  0.00000e+00  0.00000e+00  0.00000e+00
1.16367e-04   4901.308105  9.98216e-01  0.00000e+00  0.00000e+00  0.00000e+00  0.00000e+00
1.19642e-04   4840.395996  1.03001e+00  0.00000e+00  0.00000e+00  0.00000e+00  0.00000e+00
1.22929e-04   4775.936035  1.03500e+00  0.00000e+00  0.00000e+00  0.00000e+00  0.00000e+00
1.26050e-04   4700.466797  9.54040e-01  0.00000e+00  0.00000e+00  0.00000e+00  0.00000e+00
1.28881e-04   4636.935059  8.55289e-01  0.00000e+00  0.00000e+00  0.00000e+00  0.00000e+00
1.31376e-04   4588.012695  7.34326e-01  0.00000e+00  0.00000e+00  0.00000e+00  0.00000e+00
1.33555e-04   4589.375977  6.43052e-01  0.00000e+00  0.00000e+00  0.00000e+00  0.00000e+00
1.35488e-04   4617.150879  5.66332e-01  0.00000e+00  0.00000e+00  0.00000e+00  0.00000e+00
1.37252e-04   4681.291504  5.31200e-01  0.00000e+00  0.00000e+00  0.00000e+00  0.00000e+00
1.38919e-04   4752.251953  5.03634e-01  0.00000e+00  0.00000e+00  0.00000e+00  0.00000e+00
1.40551e-04   4836.709961  5.07825e-01  0.00000e+00  0.00000e+00  0.00000e+00  0.00000e+00
1.42196e-04   4919.369629  5.18194e-01  0.00000e+00  0.00000e+00  0.00000e+00  0.00000e+00
1.43887e-04   4997.252930  5.46318e-01  0.00000e+00  0.00000e+00  0.00000e+00  0.00000e+00
1.45631e-04   5061.726562  5.71089e-01  0.00000e+00  0.00000e+00  0.00000e+00  0.00000e+00
1.47418e-04   5111.637207  5.91160e-01  0.00000e+00  0.00000e+00  0.00000e+00  0.00000e+00
1.50185e-04   5141.877441  6.04376e-01  0.00000e+00  0.00000e+00  0.00000e+00  0.00000e+00
1.74620e-04   5045.800781  7.22450e-01  0.00000e+00  0.00000e+00  0.00000e+00  0.00000e+00
1.75945e-04   4969.952148  7.30678e-01  0.00000e+00  0.00000e+00  0.00000e+00  0.00000e+00
1.78271e-04   4883.601562  7.34914e-01  0.00000e+00  0.00000e+00  0.00000e+00  0.00000e+00
1.80637e-04   4776.204102  7.30728e-01  0.00000e+00  0.00000e+00  0.00000e+00  0.00000e+00
1.83029e-04   4659.140137  7.20710e-01  0.00000e+00  0.00000e+00  0.00000e+00  0.00000e+00
1.85452e-04   4533.803223  7.05467e-01  0.00000e+00  0.00000e+00  0.00000e+00  0.00000e+00
1.87936e-04   4461.670410  7.14024e-01  0.00000e+00  0.00000e+00  0.00000e+00  0.00000e+00
1.90525e-04   4407.770020  7.30770e-01  0.00000e+00  0.00000e+00  0.00000e+00  0.00000e+00
1.93273e-04   4430.926758  7.85536e-01  0.00000e+00  0.00000e+00  0.00000e+00  0.00000e+00
1.96213e-04   4461.280762  8.45484e-01  0.00000e+00  0.00000e+00  0.00000e+00  0.00000e+00
1.99376e-04   4508.877441  9.16830e-01  0.00000e+00  0.00000e+00  0.00000e+00  0.00000e+00
2.02820e-04   4565.606445  1.00934e+00  0.00000e+00  0.00000e+00  0.00000e+00  0.00000e+00
2.06649e-04   4638.389160  1.13597e+00  0.00000e+00  0.00000e+00  0.00000e+00  0.00000e+00
2.10994e-04   4727.051270  1.31921e+00  0.00000e+00  0.00000e+00  0.00000e+00  0.00000e+00
2.15965e-04   4827.764160  1.54843e+00  0.00000e+00  0.00000e+00  0.00000e+00  0.00000e+00
2.21620e-04   4916.989258  1.79571e+00  0.00000e+00  0.00000e+00  0.00000e+00  0.00000e+00
2.27919e-04   5002.869629  2.05578e+00  0.00000e+00  0.00000e+00  0.00000e+00  0.00000e+00
2.37969e-04   5062.313477  2.23204e+00  0.00000e+00  0.00000e+00  0.00000e+00  0.00000e+00
2.86216e-04   5300.040527  3.05762e+00  0.00000e+00  0.00000e+00  0.00000e+00  0.00000e+00
2.92082e-04   5289.586426  3.10591e+00  0.00000e+00  0.00000e+00  0.00000e+00  0.00000e+00
3.01301e-04   5275.808105  3.14214e+00  0.00000e+00  0.00000e+00  0.00000e+00  0.00000e+00
3.13173e-04   5261.565430  3.17303e+00  0.00000e+00  0.00000e+00  0.00000e+00  0.00000e+00
3.50132e-04   5075.945312  3.25894e+00  0.00000e+00  0.00000e+00  0.00000e+00  0.00000e+00
3.73139e-04   4613.868652  3.10203e+00  0.00000e+00  0.00000e+00  0.00000e+00  0.00000e+00
3.80783e-04   4514.595215  2.98555e+00  0.00000e+00  0.00000e+00  0.00000e+00  0.00000e+00
3.90850e-04   4433.373047  2.86881e+00  0.00000e+00  0.00000e+00  0.00000e+00  0.00000e+00
4.00862e-04   4457.002441  2.87530e+00  0.00000e+00  0.00000e+00  0.00000e+00  0.00000e+00
4.10969e-04   4487.733887  2.91194e+00  0.00000e+00  0.00000e+00  0.00000e+00  0.00000e+00
4.23722e-04   4540.257324  3.03199e+00  0.00000e+00  0.00000e+00  0.00000e+00  0.00000e+00
4.48213e-04   4672.037109  3.81341e+00  0.00000e+00  0.00000e+00  0.00000e+00  0.00000e+00
4.60946e-04   4677.884766  4.49802e+00  0.00000e+00  0.00000e+00  0.00000e+00  0.00000e+00
4.82394e-04   4649.853516  5.30617e+00  0.00000e+00  0.00000e+00  0.00000e+00  0.00000e+00
5.24299e-04   4285.730469  6.15447e+00  0.00000e+00  0.00000e+00  0.00000e+00  0.00000e+00
5.44176e-04   4120.993164  6.28198e+00  0.00000e+00  0.00000e+00  0.00000e+00  0.00000e+00
5.69622e-04   3988.789551  6.51187e+00  0.00000e+00  0.00000e+00  0.00000e+00  0.00000e+00
5.97139e-04   3942.136719  7.01562e+00  0.00000e+00  0.00000e+00  0.00000e+00  0.00000e+00
6.26708e-04   3912.161133  7.48658e+00  0.00000e+00  0.00000e+00  0.00000e+00  0.00000e+00
6.57994e-04   3900.147461  7.91540e+00  0.00000e+00  0.00000e+00  0.00000e+00  0.00000e+00
6.90577e-04   3906.544678  8.23711e+00  0.00000e+00  0.00000e+00  0.00000e+00  0.00000e+00
7.24066e-04   3921.314697  8.50878e+00  0.00000e+00  0.00000e+00  0.00000e+00  0.00000e+00
7.58131e-04   3944.925293  8.68631e+00  0.00000e+00  0.00000e+00  0.00000e+00  0.00000e+00
7.92474e-04   3968.009766  8.83026e+00  0.00000e+00  0.00000e+00  0.00000e+00  0.00000e+00
8.26780e-04   3976.746094  8.82166e+00  0.00000e+00  0.00000e+00  0.00000e+00  0.00000e+00
9.14963e-04   3980.803711  8.75535e+00  0.00000e+00  0.00000e+00  0.00000e+00  0.00000e+00
2.92891e-03   3929.271240  2.95320e+01  0.00000e+00  0.00000e+00  0.00000e+00  0.00000e+00
3.61748e-03   3720.617920  4.20742e+01  0.00000e+00  0.00000e+00  0.00000e+00  0.00000e+00
4.43354e-03   3643.119629  5.24538e+01  0.00000e+00  0.00000e+00  0.00000e+00  0.00000e+00
4.86092e-03   3770.149414  4.73459e+01  0.00000e+00  0.00000e+00  0.00000e+00  0.00000e+00
4.97160e-03   3858.103271  4.05027e+01  0.00000e+00  0.00000e+00  0.00000e+00  0.00000e+00
5.08862e-03   3941.259277  2.97589e+01  0.00000e+00  0.00000e+00  0.00000e+00  0.00000e+00
5.16470e-03   3953.051514  1.95323e+01  0.00000e+00  0.00000e+00  0.00000e+00  0.00000e+00
5.20887e-03   3831.766357  1.05663e+01  0.00000e+00  0.00000e+00  0.00000e+00  0.00000e+00
5.23324e-03   3654.214844  5.74304e+00  0.00000e+00  0.00000e+00  0.00000e+00  0.00000e+00
5.24817e-03   3442.011230  3.23703e+00  0.00000e+00  0.00000e+00  0.00000e+00  0.00000e+00
5.26037e-03   3429.268555  2.92452e+00  0.00000e+00  0.00000e+00  0.00000e+00  0.00000e+00
5.27297e-03   3474.345215  3.14118e+00  0.00000e+00  0.00000e+00  0.00000e+00  0.00000e+00
5.29285e-03   3536.573486  3.51961e+00  0.00000e+00  0.00000e+00  0.00000e+00  0.00000e+00
5.39058e-03   3672.035156  5.05106e+00  0.00000e+00  0.00000e+00  0.00000e+00  0.00000e+00
5.45607e-03   3547.302734  6.07128e+00  0.00000e+00  0.00000e+00  0.00000e+00  0.00000e+00
5.47587e-03   3530.898193  6.63061e+00  0.00000e+00  0.00000e+00  0.00000e+00  0.00000e+00
5.50655e-03   3522.519775  7.28971e+00  0.00000e+00  0.00000e+00  0.00000e+00  0.00000e+00
5.54042e-03   3527.159180  8.07081e+00  0.00000e+00  0.00000e+00  0.00000e+00  0.00000e+00
5.57728e-03   3533.217041  8.76382e+00  0.00000e+00  0.00000e+00  0.00000e+00  0.00000e+00
5.61676e-03   3540.182129  9.35956e+00  0.00000e+00  0.00000e+00  0.00000e+00  0.00000e+00
5.65872e-03   3538.318115  9.89828e+00  0.00000e+00  0.00000e+00  0.00000e+00  0.00000e+00
5.70305e-03   3529.038818  1.04422e+01  0.00000e+00  0.00000e+00  0.00000e+00  0.00000e+00
5.74935e-03   3513.841553  1.08489e+01  0.00000e+00  0.00000e+00  0.00000e+00  0.00000e+00
5.79608e-03   3500.344238  1.10980e+01  0.00000e+00  0.00000e+00  0.00000e+00  0.00000e+00
5.84069e-03   3501.956055  1.04356e+01  0.00000e+00  0.00000e+00  0.00000e+00  0.00000e+00
5.88136e-03   3502.128662  9.58310e+00  0.00000e+00  0.00000e+00  0.00000e+00  0.00000e+00
5.91708e-03   3500.486328  8.41795e+00  0.00000e+00  0.00000e+00  0.00000e+00  0.00000e+00
5.94708e-03   3510.586914  7.16253e+00  0.00000e+00  0.00000e+00  0.00000e+00  0.00000e+00
5.97127e-03   3527.690186  5.78317e+00  0.00000e+00  0.00000e+00  0.00000e+00  0.00000e+00
5.99027e-03   3522.910400  4.64435e+00  0.00000e+00  0.00000e+00  0.00000e+00  0.00000e+00
6.00540e-03   3510.911377  3.64289e+00  0.00000e+00  0.00000e+00  0.00000e+00  0.00000e+00
6.01832e-03   3497.827148  3.22233e+00  0.00000e+00  0.00000e+00  0.00000e+00  0.00000e+00
6.03121e-03   3490.595947  3.01674e+00  0.00000e+00  0.00000e+00  0.00000e+00  0.00000e+00
6.04681e-03   3511.945557  3.82185e+00  0.00000e+00  0.00000e+00  0.00000e+00  0.00000e+00
6.06746e-03   3524.084229  4.91486e+00  0.00000e+00  0.00000e+00  0.00000e+00  0.00000e+00
6.09649e-03   3518.956543  6.52757e+00  0.00000e+00  0.00000e+00  0.00000e+00  0.00000e+00
6.13963e-03   3530.281982  9.81941e+00  0.00000e+00  0.00000e+00  0.00000e+00  0.00000e+00
6.20142e-03   3555.618652  1.45549e+01  0.00000e+00  0.00000e+00  0.00000e+00  0.00000e+00
6.28282e-03   3572.748535  1.90545e+01  0.00000e+00  0.00000e+00  0.00000e+00  0.00000e+00
6.38748e-03   3584.746338  2.35500e+01  0.00000e+00  0.00000e+00  0.00000e+00  0.00000e+00
6.61427e-03   3599.877197  3.17512e+01  0.00000e+00  0.00000e+00  0.00000e+00  0.00000e+00
8.26024e-03   3662.322510  6.36004e+01  0.00000e+00  0.00000e+00  0.00000e+00  0.00000e+00
1.05314e-02   3661.241699  7.69800e+01  0.00000e+00  0.00000e+00  0.00000e+00  0.00000e+00
1.25217e-02   3658.255615  9.41453e+01  0.00000e+00  0.00000e+00  0.00000e+00  0.00000e+00
1.59173e-02   3608.338135  6.56515e+01  0.00000e+00  0.00000e+00  0.00000e+00  0.00000e+00
2.19098e-02   3740.399658  6.46382e+01  0.00000e+00  0.00000e+00  0.00000e+00  0.00000e+00
2.47110e-02   3817.239258  4.38740e+01  0.00000e+00  0.00000e+00  0.00000e+00  0.00000e+00
2.47981e-02   3811.403076  4.10620e+01  0.00000e+00  0.00000e+00  0.00000e+00  0.00000e+00
2.50649e-02   3807.605225  3.78270e+01  0.00000e+00  0.00000e+00  0.00000e+00  0.00000e+00
2.75563e-02   3984.497314  6.51335e+01  0.00000e+00  0.00000e+00  0.00000e+00  0.00000e+00
2.77230e-02   4002.860596  7.25291e+01  0.00000e+00  0.00000e+00  0.00000e+00  0.00000e+00
2.82523e-02   3998.677246  7.86751e+01  0.00000e+00  0.00000e+00  0.00000e+00  0.00000e+00
3.14508e-02   4049.150635  1.48810e+02  0.00000e+00  0.00000e+00  0.00000e+00  0.00000e+00
3.18391e-02   4058.291748  1.59432e+02  0.00000e+00  0.00000e+00  0.00000e+00  0.00000e+00
3.24794e-02   4045.578613  1.68441e+02  0.00000e+00  0.00000e+00  0.00000e+00  0.00000e+00
3.32371e-02   4012.197021  1.69474e+02  0.00000e+00  0.00000e+00  0.00000e+00  0.00000e+00
3.45247e-02   4004.013184  1.64386e+02  0.00000e+00  0.00000e+00  0.00000e+00  0.00000e+00
3.53865e-02   4055.493164  1.65502e+02  0.00000e+00  0.00000e+00  0.00000e+00  0.00000e+00
4.36295e-02   4118.323242  2.18951e+02  0.00000e+00  0.00000e+00  0.00000e+00  0.00000e+00
5.00718e-02   4057.500000  1.92544e+02  0.00000e+00  0.00000e+00  0.00000e+00  0.00000e+00
6.17291e-02   4104.731934  1.94212e+02  0.00000e+00  0.00000e+00  0.00000e+00  0.00000e+00
7.19886e-02   4140.182129  2.30390e+02  0.00000e+00  0.00000e+00  0.00000e+00  0.00000e+00
9.22091e-02   4200.934082  2.13032e+02  0.00000e+00  0.00000e+00  0.00000e+00  0.00000e+00
1.21774e-01   4300.119629  4.05234e+02  0.00000e+00  0.00000e+00  0.00000e+00  0.00000e+00
1.37338e-01   4335.842773  2.33570e+02  0.00000e+00  0.00000e+00  0.00000e+00  0.00000e+00
1.44697e-01   4480.290039  1.61388e+02  0.00000e+00  0.00000e+00  0.00000e+00  0.00000e+00
1.47139e-01   4465.378418  1.23379e+02  0.00000e+00  0.00000e+00  0.00000e+00  0.00000e+00
1.74769e-01   4389.820312  1.41628e+03  0.00000e+00  0.00000e+00  0.00000e+00  0.00000e+00
1.83972e-01   4348.083008  1.42427e+03  0.00000e+00  0.00000e+00  0.00000e+00  0.00000e+00
2.01717e-01   4374.286621  1.36449e+03  0.00000e+00  0.00000e+00  0.00000e+00  0.00000e+00
2.24169e-01   4376.881348  9.48825e+02  0.00000e+00  0.00000e+00  0.00000e+00  0.00000e+00
2.26208e-01   4368.249512  9.14773e+02  0.00000e+00  0.00000e+00  0.00000e+00  0.00000e+00
2.29324e-01   4365.047852  8.97301e+02  0.00000e+00  0.00000e+00  0.00000e+00  0.00000e+00
2.32078e-01   4399.419434  7.84921e+02  0.00000e+00  0.00000e+00  0.00000e+00  0.00000e+00
2.34360e-01   4443.856934  6.37377e+02  0.00000e+00  0.00000e+00  0.00000e+00  0.00000e+00
2.37879e-01   4525.039062  5.41284e+02  0.00000e+00  0.00000e+00  0.00000e+00  0.00000e+00
2.71279e-01   4793.790527  1.08578e+03  0.00000e+00  0.00000e+00  0.00000e+00  0.00000e+00
2.73493e-01   4768.051270  1.22576e+03  0.00000e+00  0.00000e+00  0.00000e+00  0.00000e+00
2.77037e-01   4809.405762  1.13282e+03  0.00000e+00  0.00000e+00  0.00000e+00  0.00000e+00
2.79905e-01   4894.813965  8.77935e+02  0.00000e+00  0.00000e+00  0.00000e+00  0.00000e+00
2.82111e-01   4967.883789  6.96050e+02  0.00000e+00  0.00000e+00  0.00000e+00  0.00000e+00
2.83914e-01   5033.130859  5.32545e+02  0.00000e+00  0.00000e+00  0.00000e+00  0.00000e+00
2.85646e-01   5029.940430  5.58513e+02  0.00000e+00  0.00000e+00  0.00000e+00  0.00000e+00
2.87474e-01   5030.285156  5.89780e+02  0.00000e+00  0.00000e+00  0.00000e+00  0.00000e+00
2.89916e-01   5049.935059  6.28407e+02  0.00000e+00  0.00000e+00  0.00000e+00  0.00000e+00
2.95975e-01   5231.429199  6.94616e+02  0.00000e+00  0.00000e+00  0.00000e+00  0.00000e+00
2.97475e-01   5279.217773  7.05185e+02  0.00000e+00  0.00000e+00  0.00000e+00  0.00000e+00
2.99309e-01   5296.426758  6.29365e+02  0.00000e+00  0.00000e+00  0.00000e+00  0.00000e+00
3.00909e-01   5312.086914  5.32717e+02  0.00000e+00  0.00000e+00  0.00000e+00  0.00000e+00
3.02345e-01   5304.980469  4.89446e+02  0.00000e+00  0.00000e+00  0.00000e+00  0.00000e+00
3.03693e-01   5299.748047  4.49849e+02  0.00000e+00  0.00000e+00  0.00000e+00  0.00000e+00
3.05018e-01   5304.758789  4.51381e+02  0.00000e+00  0.00000e+00  0.00000e+00  0.00000e+00
3.06359e-01   5306.299805  4.56154e+02  0.00000e+00  0.00000e+00  0.00000e+00  0.00000e+00
3.07781e-01   5304.964355  4.68407e+02  0.00000e+00  0.00000e+00  0.00000e+00  0.00000e+00
3.10046e-01   5269.543945  5.45151e+02  0.00000e+00  0.00000e+00  0.00000e+00  0.00000e+00
3.16482e-01   5148.919434  8.06865e+02  0.00000e+00  0.00000e+00  0.00000e+00  0.00000e+00
3.19462e-01   5189.537598  8.55845e+02  0.00000e+00  0.00000e+00  0.00000e+00  0.00000e+00
3.27959e-01   5356.443848  1.55030e+03  0.00000e+00  0.00000e+00  0.00000e+00  0.00000e+00
3.37162e-01   5381.637207  2.36392e+03  0.00000e+00  0.00000e+00  0.00000e+00  0.00000e+00
3.66933e-01   5278.077637  4.77116e+03  0.00000e+00  0.00000e+00  0.00000e+00  0.00000e+00
3.87982e-01   5229.207520  4.45847e+03  0.00000e+00  0.00000e+00  0.00000e+00  0.00000e+00
4.36411e-01   5167.643066  1.96036e+03  0.00000e+00  0.00000e+00  0.00000e+00  0.00000e+00
4.48823e-01   4923.481445  1.36925e+03  0.00000e+00  0.00000e+00  0.00000e+00  0.00000e+00
4.51788e-01   4835.446289  1.28453e+03  0.00000e+00  0.00000e+00  0.00000e+00  0.00000e+00
4.56146e-01   4733.985352  1.31355e+03  0.00000e+00  0.00000e+00  0.00000e+00  0.00000e+00
4.60845e-01   4642.145020  1.37785e+03  0.00000e+00  0.00000e+00  0.00000e+00  0.00000e+00
4.66071e-01   4576.264160  1.52370e+03  0.00000e+00  0.00000e+00  0.00000e+00  0.00000e+00
4.71971e-01   4551.555664  1.71398e+03  0.00000e+00  0.00000e+00  0.00000e+00  0.00000e+00
4.78509e-01   4559.833496  1.94419e+03  0.00000e+00  0.00000e+00  0.00000e+00  0.00000e+00
4.85449e-01   4563.659668  2.03963e+03  0.00000e+00  0.00000e+00  0.00000e+00  0.00000e+00
4.92505e-01   4567.616699  2.09658e+03  0.00000e+00  0.00000e+00  0.00000e+00  0.00000e+00
4.99419e-01   4564.210938  2.02620e+03  0.00000e+00  0.00000e+00  0.00000e+00  0.00000e+00
5.06033e-01   4558.855957  1.94033e+03  0.00000e+00  0.00000e+00  0.00000e+00  0.00000e+00
5.12311e-01   4556.745605  1.82465e+03  0.00000e+00  0.00000e+00  0.00000e+00  0.00000e+00
5.18353e-01   4560.433594  1.74815e+03  0.00000e+00  0.00000e+00  0.00000e+00  0.00000e+00
5.24345e-01   4575.406250  1.74758e+03  0.00000e+00  0.00000e+00  0.00000e+00  0.00000e+00
5.30443e-01   4593.985352  1.78718e+03  0.00000e+00  0.00000e+00  0.00000e+00  0.00000e+00
5.36747e-01   4606.780762  1.85846e+03  0.00000e+00  0.00000e+00  0.00000e+00  0.00000e+00
5.48571e-01   4625.375977  1.94420e+03  0.00000e+00  0.00000e+00  0.00000e+00  0.00000e+00
7.49954e-01   4582.866211  3.35497e+03  0.00000e+00  0.00000e+00  0.00000e+00  0.00000e+00
7.57615e-01   4538.943848  3.92142e+03  0.00000e+00  0.00000e+00  0.00000e+00  0.00000e+00
7.72533e-01   4525.026367  4.34401e+03  0.00000e+00  0.00000e+00  0.00000e+00  0.00000e+00
7.94447e-01   4536.852539  4.70979e+03  0.00000e+00  0.00000e+00  0.00000e+00  0.00000e+00
8.79561e-01   4732.383789  5.35573e+03  0.00000e+00  0.00000e+00  0.00000e+00  0.00000e+00
8.95705e-01   4735.896973  5.22767e+03  0.00000e+00  0.00000e+00  0.00000e+00  0.00000e+00
9.49186e-01   4579.608887  5.29781e+03  0.00000e+00  0.00000e+00  0.00000e+00  0.00000e+00
9.65247e-01   4505.738770  5.38247e+03  0.00000e+00  0.00000e+00  0.00000e+00  0.00000e+00
9.93048e-01   4543.525879  7.95350e+03  0.00000e+00  0.00000e+00  0.00000e+00  0.00000e+00
1.04093e+00   4627.899902  1.13117e+04  0.00000e+00  0.00000e+00  0.00000e+00  0.00000e+00
1.13982e+00   4815.407715  1.92366e+04  0.00000e+00  0.00000e+00  0.00000e+00  0.00000e+00
1.21053e+00   4913.323242  2.45416e+04  0.00000e+00  0.00000e+00  0.00000e+00  0.00000e+00
1.29704e+00   4986.653320  2.87959e+04  0.00000e+00  0.00000e+00  0.00000e+00  0.00000e+00
1.40229e+00   5027.929199  3.17197e+04  0.00000e+00  0.00000e+00  0.00000e+00  0.00000e+00
1.53410e+00   5028.284668  3.39298e+04  0.00000e+00  0.00000e+00  0.00000e+00  0.00000e+00
1.69960e+00   5034.015137  3.58865e+04  0.00000e+00  0.00000e+00  0.00000e+00  0.00000e+00
1.91423e+00   5036.286621  3.66580e+04  0.00000e+00  0.00000e+00  0.00000e+00  0.00000e+00
2.19791e+00   5007.326660  3.73647e+04  0.00000e+00  0.00000e+00  0.00000e+00  0.00000e+00
2.53728e+00   5033.572754  4.09940e+04  0.00000e+00  0.00000e+00  0.00000e+00  0.00000e+00
2.94406e+00   5116.814941  4.11927e+04  0.00000e+00  0.00000e+00  0.00000e+00  0.00000e+00
3.74932e+00   5007.282227  1.47000e+04  0.00000e+00  0.00000e+00  0.00000e+00  0.00000e+00
3.76827e+00   4960.482422  1.17529e+04  0.00000e+00  0.00000e+00  0.00000e+00  0.00000e+00
3.79490e+00   4903.380859  8.23916e+03  0.00000e+00  0.00000e+00  0.00000e+00  0.00000e+00
3.81400e+00   4884.638184  5.66529e+03  0.00000e+00  0.00000e+00  0.00000e+00  0.00000e+00
3.82926e+00   4866.989746  4.48237e+03  0.00000e+00  0.00000e+00  0.00000e+00  0.00000e+00
3.84370e+00   4906.829102  4.49856e+03  0.00000e+00  0.00000e+00  0.00000e+00  0.00000e+00
3.85880e+00   4936.858887  4.69499e+03  0.00000e+00  0.00000e+00  0.00000e+00  0.00000e+00
3.87521e+00   4963.143555  5.23621e+03  0.00000e+00  0.00000e+00  0.00000e+00  0.00000e+00
3.89307e+00   4990.218262  5.71677e+03  0.00000e+00  0.00000e+00  0.00000e+00  0.00000e+00
3.91225e+00   5008.867676  6.16535e+03  0.00000e+00  0.00000e+00  0.00000e+00  0.00000e+00
4.03110e+00   5033.036621  6.59060e+03  0.00000e+00  0.00000e+00  0.00000e+00  0.00000e+00
6.78744e+00   5087.096680  6.75125e+04  0.00000e+00  0.00000e+00  0.00000e+00  0.00000e+00
6.95529e+00   4975.199707  2.41980e+04  0.00000e+00  0.00000e+00  0.00000e+00  0.00000e+00
6.98797e+00   4906.025879  1.56314e+04  0.00000e+00  0.00000e+00  0.00000e+00  0.00000e+00
7.02692e+00   4901.490234  1.12821e+04  0.00000e+00  0.00000e+00  0.00000e+00  0.00000e+00
7.06210e+00   4954.640137  1.09212e+04  0.00000e+00  0.00000e+00  0.00000e+00  0.00000e+00
7.11467e+00   5020.157227  1.15588e+04  0.00000e+00  0.00000e+00  0.00000e+00  0.00000e+00
7.46607e+00   5043.095703  1.35149e+04  0.00000e+00  0.00000e+00  0.00000e+00  0.00000e+00
7.49802e+00   5043.930664  1.26752e+04  0.00000e+00  0.00000e+00  0.00000e+00  0.00000e+00
7.79659e+00   5216.933594  7.39701e+03  0.00000e+00  0.00000e+00  0.00000e+00  0.00000e+00
7.80869e+00   5234.523438  7.08982e+03  0.00000e+00  0.00000e+00  0.00000e+00  0.00000e+00
7.82808e+00   5253.891113  6.53183e+03  0.00000e+00  0.00000e+00  0.00000e+00  0.00000e+00
7.84572e+00   5301.405762  5.98061e+03  0.00000e+00  0.00000e+00  0.00000e+00  0.00000e+00
7.86208e+00   5401.042969  5.49071e+03  0.00000e+00  0.00000e+00  0.00000e+00  0.00000e+00
7.87850e+00   5471.772949  5.63933e+03  0.00000e+00  0.00000e+00  0.00000e+00  0.00000e+00
7.89668e+00   5515.101074  6.22918e+03  0.00000e+00  0.00000e+00  0.00000e+00  0.00000e+00
7.91823e+00   5477.963379  7.50542e+03  0.00000e+00  0.00000e+00  0.00000e+00  0.00000e+00
7.95042e+00   5428.865234  8.95908e+03  0.00000e+00  0.00000e+00  0.00000e+00  0.00000e+00
8.01665e+00   5141.874512  1.16629e+04  0.00000e+00  0.00000e+00  0.00000e+00  0.00000e+00
8.05102e+00   5087.137207  1.33187e+04  0.00000e+00  0.00000e+00  0.00000e+00  0.00000e+00
8.09659e+00   5119.643555  1.49972e+04  0.00000e+00  0.00000e+00  0.00000e+00  0.00000e+00
8.15538e+00   5231.823242  1.67815e+04  0.00000e+00  0.00000e+00  0.00000e+00  0.00000e+00
8.26520e+00   5338.303223  1.86599e+04  0.00000e+00  0.00000e+00  0.00000e+00  0.00000e+00
8.32381e+00   5320.343750  2.24003e+04  0.00000e+00  0.00000e+00  0.00000e+00  0.00000e+00
8.42450e+00   5318.810059  3.02342e+04  0.00000e+00  0.00000e+00  0.00000e+00  0.00000e+00
8.60920e+00   5300.873535  5.41516e+04  0.00000e+00  0.00000e+00  0.00000e+00  0.00000e+00
9.34720e+00   5373.463867  5.04015e+04  0.00000e+00  0.00000e+00  0.00000e+00  0.00000e+00
9.64299e+00   5273.841309  4.80649e+04  0.00000e+00  0.00000e+00  0.00000e+00  0.00000e+00
9.79285e+00   5288.781250  5.11916e+04  0.00000e+00  0.00000e+00  0.00000e+00  0.00000e+00
1.06722e+01   5385.224121  3.70451e+04  0.00000e+00  0.00000e+00  0.00000e+00  0.00000e+00
1.07259e+01   5282.330566  3.11054e+04  0.00000e+00  0.00000e+00  0.00000e+00  0.00000e+00
1.08003e+01   5216.185059  2.45223e+04  0.00000e+00  0.00000e+00  0.00000e+00  0.00000e+00
1.08603e+01   5258.857422  1.98752e+04  0.00000e+00  0.00000e+00  0.00000e+00  0.00000e+00
1.09124e+01   5339.114746  1.66489e+04  0.00000e+00  0.00000e+00  0.00000e+00  0.00000e+00
1.09699e+01   5470.220703  1.81970e+04  0.00000e+00  0.00000e+00  0.00000e+00  0.00000e+00
1.12123e+01   5537.686523  2.75668e+04  0.00000e+00  0.00000e+00  0.00000e+00  0.00000e+00
1.27621e+01   5811.651367  1.60809e+05  0.00000e+00  0.00000e+00  0.00000e+00  0.00000e+00
1.34026e+01   6050.751953  1.66087e+05  0.00000e+00  0.00000e+00  0.00000e+00  0.00000e+00
1.43192e+01   6183.886230  1.64136e+05  0.00000e+00  0.00000e+00  0.00000e+00  0.00000e+00
1.53451e+01   6352.493164  1.62698e+05  0.00000e+00  0.00000e+00  0.00000e+00  0.00000e+00
1.64072e+01   6542.089355  1.63899e+05  0.00000e+00  0.00000e+00  0.00000e+00  0.00000e+00
1.74483e+01   6749.970703  1.65444e+05  0.00000e+00  0.00000e+00  0.00000e+00  0.00000e+00
1.83963e+01   7022.317383  1.62486e+05  0.00000e+00  0.00000e+00  0.00000e+00  0.00000e+00
1.93311e+01   7242.190430  1.48876e+05  0.00000e+00  0.00000e+00  0.00000e+00  0.00000e+00
2.00034e+01   7896.854492  1.47447e+05  0.00000e+00  0.00000e+00  0.00000e+00  0.00000e+00
2.02682e+01   8717.263672  1.49177e+05  0.00000e+00  0.00000e+00  0.00000e+00  0.00000e+00
