1
1 97
6.59328e-08   4647.107910  7.11029e-01  0.00000e+00  0.00000e+00  0.00000e+00  0.00000e+00
2.42714e-07   4647.107910  7.15375e-01  0.00000e+00  0.00000e+00  0.00000e+00  0.00000e+00
4.76787e-07   4647.107910  7.21104e-01  0.00000e+00  0.00000e+00  0.00000e+00  0.00000e+00
7.88668e-07   4647.107910  7.28656e-01  0.00000e+00  0.00000e+00  0.00000e+00  0.00000e+00
1.20550e-06   4647.107910  7.38612e-01  0.00000e+00  0.00000e+00  0.00000e+00  0.00000e+00
1.76382e-06   4647.107910  7.51736e-01  0.00000e+00  0.00000e+00  0.00000e+00  0.00000e+00
2.50385e-06   4647.107910  7.69105e-01  0.00000e+00  0.00000e+00  0.00000e+00  0.00000e+00
3.46896e-06   4647.107910  7.92354e-01  0.00000e+00  0.00000e+00  0.00000e+00  0.00000e+00
4.76173e-06   4647.107910  8.23295e-01  0.00000e+00  0.00000e+00  0.00000e+00  0.00000e+00
6.49042e-06   4647.107910  8.64583e-01  0.00000e+00  0.00000e+00  0.00000e+00  0.00000e+00
8.81195e-06   4647.107910  9.19831e-01  0.00000e+00  0.00000e+00  0.00000e+00  0.00000e+00
1.19404e-05   4647.107910  9.94017e-01  0.00000e+00  0.00000e+00  0.00000e+00  0.00000e+00
1.61733e-05   4647.107910  1.09401e+00  0.00000e+00  0.00000e+00  0.00000e+00  0.00000e+00
2.19238e-05   4647.107910  1.22928e+00  0.00000e+00  0.00000e+00  0.00000e+00  0.00000e+00
2.97678e-05   4647.107910  1.41296e+00  0.00000e+00  0.00000e+00  0.00000e+00  0.00000e+00
4.04916e-05   4647.107910  1.66325e+00  0.00000e+00  0.00000e+00  0.00000e+00  0.00000e+00
5.51504e-05   4647.107910  2.00457e+00  0.00000e+00  0.00000e+00  0.00000e+00  0.00000e+00
7.51439e-05   4647.107910  2.46970e+00  0.00000e+00  0.00000e+00  0.00000e+00  0.00000e+00
1.02274e-04   4647.107910  3.10166e+00  0.00000e+00  0.00000e+00  0.00000e+00  0.00000e+00
1.38780e-04   4647.107910  3.95468e+00  0.00000e+00  0.00000e+00  0.00000e+00  0.00000e+00
1.87380e-04   4647.107910  5.09603e+00  0.00000e+00  0.00000e+00  0.00000e+00  0.00000e+00
2.63106e-04   4647.107910  6.60644e+00  0.00000e+00  0.00000e+00  0.00000e+00  0.00000e+00
3.65276e-04   4647.107910  9.94485e+00  0.00000e+00  0.00000e+00  0.00000e+00  0.00000e+00
3.87534e-04   4647.107910  1.08992e+01  0.00000e+00  0.00000e+00  0.00000e+00  0.00000e+00
4.19822e-04   4432.999512  1.01493e+01  0.00000e+00  0.00000e+00  0.00000e+00  0.00000e+00
4.52153e-04   3953.406250  8.69759e+00  0.00000e+00  0.00000e+00  0.00000e+00  0.00000e+00
4.86278e-04   3768.028076  8.52717e+00  0.00000e+00  0.00000e+00  0.00000e+00  0.00000e+00
5.25064e-04   3689.039062  9.48754e+00  0.00000e+00  0.00000e+00  0.00000e+00  0.00000e+00
5.71072e-04   3667.569580  1.11705e+01  0.00000e+00  0.00000e+00  0.00000e+00  0.00000e+00
6.51237e-04   3654.773926  1.32519e+01  0.00000e+00  0.00000e+00  0.00000e+00  0.00000e+00
9.94641e-04   3681.445557  2.09443e+01  0.00000e+00  0.00000e+00  0.00000e+00  0.00000e+00
1.25548e-03   3731.757812  2.84236e+01  0.00000e+00  0.00000e+00  0.00000e+00  0.00000e+00
1.55815e-03   3736.115967  3.59610e+01  0.00000e+00  0.00000e+00  0.00000e+00  0.00000e+00
1.92093e-03   3710.963867  4.37555e+01  0.00000e+00  0.00000e+00  0.00000e+00  0.00000e+00
2.35141e-03   3705.887695  5.29259e+01  0.00000e+00  0.00000e+00  0.00000e+00  0.00000e+00
2.84679e-03   3731.848145  6.42747e+01  0.00000e+00  0.00000e+00  0.00000e+00  0.00000e+00
3.41579e-03   3764.853271  7.60504e+01  0.00000e+00  0.00000e+00  0.00000e+00  0.00000e+00
4.09021e-03   3803.585693  8.71049e+01  0.00000e+00  0.00000e+00  0.00000e+00  0.00000e+00
4.89716e-03   3844.482666  9.98282e+01  0.00000e+00  0.00000e+00  0.00000e+00  0.00000e+00
5.83845e-03   3896.606201  1.18253e+02  0.00000e+00  0.00000e+00  0.00000e+00  0.00000e+00
6.88657e-03   3952.934326  1.45859e+02  0.00000e+00  0.00000e+00  0.00000e+00  0.00000e+00
8.04736e-03   3994.389160  1.80860e+02  0.00000e+00  0.00000e+00  0.00000e+00  0.00000e+00
9.34546e-03   4031.417480  2.22015e+02  0.00000e+00  0.00000e+00  0.00000e+00  0.00000e+00
1.07971e-02   4081.359619  2.72792e+02  0.00000e+00  0.00000e+00  0.00000e+00  0.00000e+00
1.24361e-02   4124.908203  3.29822e+02  0.00000e+00  0.00000e+00  0.00000e+00  0.00000e+00
1.43133e-02   4163.800781  3.91020e+02  0.00000e+00  0.00000e+00  0.00000e+00  0.00000e+00
1.64874e-02   4220.705078  4.57874e+02  0.00000e+00  0.00000e+00  0.00000e+00  0.00000e+00
1.90728e-02   4249.211914  5.22027e+02  0.00000e+00  0.00000e+00  0.00000e+00  0.00000e+00
2.21674e-02   4267.012207  5.89576e+02  0.00000e+00  0.00000e+00  0.00000e+00  0.00000e+00
2.57825e-02   4274.100098  7.01846e+02  0.00000e+00  0.00000e+00  0.00000e+00  0.00000e+00
2.97549e-02   4293.804199  8.57782e+02  0.00000e+00  0.00000e+00  0.00000e+00  0.00000e+00
3.42001e-02   4297.397949  1.03539e+03  0.00000e+00  0.00000e+00  0.00000e+00  0.00000e+00
3.92499e-02   4284.265625  1.23520e+03  0.00000e+00  0.00000e+00  0.00000e+00  0.00000e+00
4.49304e-02   4252.330566  1.48596e+03  0.00000e+00  0.00000e+00  0.00000e+00  0.00000e+00
5.16653e-02   4268.513672  1.67771e+03  0.00000e+00  0.00000e+00  0.00000e+00  0.00000e+00
6.00703e-02   4259.917480  1.83851e+03  0.00000e+00  0.00000e+00  0.00000e+00  0.00000e+00
7.04577e-02   4227.576660  2.06770e+03  0.00000e+00  0.00000e+00  0.00000e+00  0.00000e+00
8.27734e-02   4199.814941  2.38529e+03  0.00000e+00  0.00000e+00  0.00000e+00  0.00000e+00
9.69810e-02   4216.529297  2.81016e+03  0.00000e+00  0.00000e+00  0.00000e+00  0.00000e+00
1.13274e-01   4263.288574  3.23042e+03  0.00000e+00  0.00000e+00  0.00000e+00  0.00000e+00
1.33313e-01   4272.006836  3.51097e+03  0.00000e+00  0.00000e+00  0.00000e+00  0.00000e+00
1.57288e-01   4305.230957  4.16853e+03  0.00000e+00  0.00000e+00  0.00000e+00  0.00000e+00
1.83355e-01   4325.456055  4.92379e+03  0.00000e+00  0.00000e+00  0.00000e+00  0.00000e+00
2.14485e-01   4335.886719  5.67429e+03  0.00000e+00  0.00000e+00  0.00000e+00  0.00000e+00
2.50605e-01   4369.864258  6.61608e+03  0.00000e+00  0.00000e+00  0.00000e+00  0.00000e+00
2.92607e-01   4397.254883  7.64540e+03  0.00000e+00  0.00000e+00  0.00000e+00  0.00000e+00
3.42077e-01   4406.319824  8.77937e+03  0.00000e+00  0.00000e+00  0.00000e+00  0.00000e+00
4.01079e-01   4411.763672  1.00237e+04  0.00000e+00  0.00000e+00  0.00000e+00  0.00000e+00
4.70572e-01   4442.663086  1.15675e+04  0.00000e+00  0.00000e+00  0.00000e+00  0.00000e+00
5.53063e-01   4430.719727  1.32413e+04  0.00000e+00  0.00000e+00  0.00000e+00  0.00000e+00
6.51214e-01   4426.225586  1.55323e+04  0.00000e+00  0.00000e+00  0.00000e+00  0.00000e+00
7.63677e-01   4460.613281  1.81036e+04  0.00000e+00  0.00000e+00  0.00000e+00  0.00000e+00
8.93051e-01   4496.128418  2.10189e+04  0.00000e+00  0.00000e+00  0.00000e+00  0.00000e+00
1.04274e+00   4544.323730  2.42225e+04  0.00000e+00  0.00000e+00  0.00000e+00  0.00000e+00
1.21157e+00   4648.900391  2.81889e+04  0.00000e+00  0.00000e+00  0.00000e+00  0.00000e+00
1.39870e+00   4791.823730  3.30540e+04  0.00000e+00  0.00000e+00  0.00000e+00  0.00000e+00
1.60925e+00   4923.850586  3.86271e+04  0.00000e+00  0.00000e+00  0.00000e+00  0.00000e+00
1.84976e+00   5050.691406  4.48330e+04  0.00000e+00  0.00000e+00  0.00000e+00  0.00000e+00
2.12724e+00   5181.734863  5.15825e+04  0.00000e+00  0.00000e+00  0.00000e+00  0.00000e+00
2.44797e+00   5316.676758  5.84936e+04  0.00000e+00  0.00000e+00  0.00000e+00  0.00000e+00
2.81569e+00   5460.716309  6.48240e+04  0.00000e+00  0.00000e+00  0.00000e+00  0.00000e+00
3.23197e+00   5644.163086  6.95724e+04  0.00000e+00  0.00000e+00  0.00000e+00  0.00000e+00
3.64531e+00   5742.243164  7.18535e+04  0.00000e+00  0.00000e+00  0.00000e+00  0.00000e+00
3.87025e+00   5997.496582  6.52937e+04  0.00000e+00  0.00000e+00  0.00000e+00  0.00000e+00
4.07030e+00   5934.000488  6.12886e+04  0.00000e+00  0.00000e+00  0.00000e+00  0.00000e+00
4.74436e+00   6231.006836  8.09000e+04  0.00000e+00  0.00000e+00  0.00000e+00  0.00000e+00
5.12504e+00   6411.768066  8.97968e+04  0.00000e+00  0.00000e+00  0.00000e+00  0.00000e+00
5.51147e+00   6657.191895  9.41725e+04  0.00000e+00  0.00000e+00  0.00000e+00  0.00000e+00
5.86330e+00   6909.068359  1.00643e+05  0.00000e+00  0.00000e+00  0.00000e+00  0.00000e+00
6.18794e+00   7151.781738  1.07119e+05  0.00000e+00  0.00000e+00  0.00000e+00  0.00000e+00
6.46208e+00   7465.564453  1.15335e+05  0.00000e+00  0.00000e+00  0.00000e+00  0.00000e+00
6.69931e+00   7758.356445  1.22301e+05  0.00000e+00  0.00000e+00  0.00000e+00  0.00000e+00
6.89578e+00   8117.163086  1.29807e+05  0.00000e+00  0.00000e+00  0.00000e+00  0.00000e+00
7.05058e+00   8551.000977  1.37631e+05  0.00000e+00  0.00000e+00  0.00000e+00  0.00000e+00
7.16974e+00   8919.134766  1.44658e+05  0.00000e+00  0.00000e+00  0.00000e+00  0.00000e+00
7.28919e+00   9278.940430  1.51891e+05  0.00000e+00  0.00000e+00  0.00000e+00  0.00000e+00
7.38092e+00   9562.525391  1.58289e+05  0.00000e+00  0.00000e+00  0.00000e+00  0.00000e+00
