1
1 94
4.25262e-07   3371.199463  1.85031e-01  0.00000e+00  0.00000e+00  0.00000e+00  0.00000e+00
1.79004e-06   3387.749268  2.18530e-01  0.00000e+00  0.00000e+00  0.00000e+00  0.00000e+00
3.42034e-06   3404.515137  2.58759e-01  0.00000e+00  0.00000e+00  0.00000e+00  0.00000e+00
5.52833e-06   3421.488770  3.01758e-01  0.00000e+00  0.00000e+00  0.00000e+00  0.00000e+00
8.22405e-06   3435.932861  3.44433e-01  0.00000e+00  0.00000e+00  0.00000e+00  0.00000e+00
1.16262e-05   3438.002441  3.69086e-01  0.00000e+00  0.00000e+00  0.00000e+00  0.00000e+00
1.62451e-05   3374.128906  3.19302e-01  0.00000e+00  0.00000e+00  0.00000e+00  0.00000e+00
2.34372e-05   2951.867676  1.79763e-01  0.00000e+00  0.00000e+00  0.00000e+00  0.00000e+00
2.41833e-05   2918.085693  2.04094e-01  0.00000e+00  0.00000e+00  0.00000e+00  0.00000e+00
2.56229e-05   2924.169189  2.65359e-01  0.00000e+00  0.00000e+00  0.00000e+00  0.00000e+00
2.76386e-05   2939.678955  3.55352e-01  0.00000e+00  0.00000e+00  0.00000e+00  0.00000e+00
3.31216e-05   3003.926514  5.72102e-01  0.00000e+00  0.00000e+00  0.00000e+00  0.00000e+00
5.35741e-05   3171.705322  1.79156e+00  0.00000e+00  0.00000e+00  0.00000e+00  0.00000e+00
6.43654e-05   3226.972656  2.71263e+00  0.00000e+00  0.00000e+00  0.00000e+00  0.00000e+00
7.85987e-05   3268.762207  3.66291e+00  0.00000e+00  0.00000e+00  0.00000e+00  0.00000e+00
9.57386e-05   3299.207275  4.55413e+00  0.00000e+00  0.00000e+00  0.00000e+00  0.00000e+00
1.16705e-04   3322.143799  5.43364e+00  0.00000e+00  0.00000e+00  0.00000e+00  0.00000e+00
1.42593e-04   3339.128174  6.32903e+00  0.00000e+00  0.00000e+00  0.00000e+00  0.00000e+00
1.75230e-04   3345.191406  7.12169e+00  0.00000e+00  0.00000e+00  0.00000e+00  0.00000e+00
2.17960e-04   3335.999023  7.74184e+00  0.00000e+00  0.00000e+00  0.00000e+00  0.00000e+00
2.76213e-04   3309.332520  8.37291e+00  0.00000e+00  0.00000e+00  0.00000e+00  0.00000e+00
3.60733e-04   3261.558105  9.04726e+00  0.00000e+00  0.00000e+00  0.00000e+00  0.00000e+00
4.81413e-04   3222.260254  1.02668e+01  0.00000e+00  0.00000e+00  0.00000e+00  0.00000e+00
6.29641e-04   3236.630615  1.25527e+01  0.00000e+00  0.00000e+00  0.00000e+00  0.00000e+00
7.84437e-04   3295.151367  1.54955e+01  0.00000e+00  0.00000e+00  0.00000e+00  0.00000e+00
9.46246e-04   3359.083008  1.83522e+01  0.00000e+00  0.00000e+00  0.00000e+00  0.00000e+00
1.13043e-03   3416.380127  1.94772e+01  0.00000e+00  0.00000e+00  0.00000e+00  0.00000e+00
1.32968e-03   3627.452148  2.18337e+01  0.00000e+00  0.00000e+00  0.00000e+00  0.00000e+00
1.54207e-03   3870.457764  2.64311e+01  0.00000e+00  0.00000e+00  0.00000e+00  0.00000e+00
1.80176e-03   3768.187500  3.05479e+01  0.00000e+00  0.00000e+00  0.00000e+00  0.00000e+00
2.13321e-03   3609.768311  3.37466e+01  0.00000e+00  0.00000e+00  0.00000e+00  0.00000e+00
2.59681e-03   3536.308105  3.50457e+01  0.00000e+00  0.00000e+00  0.00000e+00  0.00000e+00
3.24508e-03   3528.645508  3.41679e+01  0.00000e+00  0.00000e+00  0.00000e+00  0.00000e+00
4.05612e-03   3635.266602  3.36952e+01  0.00000e+00  0.00000e+00  0.00000e+00  0.00000e+00
5.03760e-03   3683.871826  3.83178e+01  0.00000e+00  0.00000e+00  0.00000e+00  0.00000e+00
6.02205e-03   3713.914307  5.70610e+01  0.00000e+00  0.00000e+00  0.00000e+00  0.00000e+00
6.97765e-03   3761.833496  7.83869e+01  0.00000e+00  0.00000e+00  0.00000e+00  0.00000e+00
8.04320e-03   3780.164062  9.66524e+01  0.00000e+00  0.00000e+00  0.00000e+00  0.00000e+00
9.35536e-03   3800.570557  1.08817e+02  0.00000e+00  0.00000e+00  0.00000e+00  0.00000e+00
1.09683e-02   3833.437744  1.21810e+02  0.00000e+00  0.00000e+00  0.00000e+00  0.00000e+00
1.28858e-02   3880.281006  1.38568e+02  0.00000e+00  0.00000e+00  0.00000e+00  0.00000e+00
1.50785e-02   3945.427979  1.66011e+02  0.00000e+00  0.00000e+00  0.00000e+00  0.00000e+00
1.75158e-02   4001.993164  2.01786e+02  0.00000e+00  0.00000e+00  0.00000e+00  0.00000e+00
2.02607e-02   4051.303711  2.46816e+02  0.00000e+00  0.00000e+00  0.00000e+00  0.00000e+00
2.33331e-02   4109.491211  3.00951e+02  0.00000e+00  0.00000e+00  0.00000e+00  0.00000e+00
2.68236e-02   4168.012695  3.60724e+02  0.00000e+00  0.00000e+00  0.00000e+00  0.00000e+00
3.08584e-02   4221.053223  4.24260e+02  0.00000e+00  0.00000e+00  0.00000e+00  0.00000e+00
3.56076e-02   4267.758301  4.92669e+02  0.00000e+00  0.00000e+00  0.00000e+00  0.00000e+00
4.12150e-02   4300.656250  5.69155e+02  0.00000e+00  0.00000e+00  0.00000e+00  0.00000e+00
4.77981e-02   4311.799805  6.51017e+02  0.00000e+00  0.00000e+00  0.00000e+00  0.00000e+00
5.55168e-02   4331.774902  7.45611e+02  0.00000e+00  0.00000e+00  0.00000e+00  0.00000e+00
6.46267e-02   4348.267578  8.60480e+02  0.00000e+00  0.00000e+00  0.00000e+00  0.00000e+00
7.51987e-02   4348.573730  1.00990e+03  0.00000e+00  0.00000e+00  0.00000e+00  0.00000e+00
8.69645e-02   4345.374023  1.23078e+03  0.00000e+00  0.00000e+00  0.00000e+00  0.00000e+00
9.98940e-02   4343.722168  1.49377e+03  0.00000e+00  0.00000e+00  0.00000e+00  0.00000e+00
1.14741e-01   4339.111328  1.77763e+03  0.00000e+00  0.00000e+00  0.00000e+00  0.00000e+00
1.32244e-01   4301.606934  2.07269e+03  0.00000e+00  0.00000e+00  0.00000e+00  0.00000e+00
1.52536e-01   4274.208496  2.50523e+03  0.00000e+00  0.00000e+00  0.00000e+00  0.00000e+00
1.74578e-01   4276.737305  3.18833e+03  0.00000e+00  0.00000e+00  0.00000e+00  0.00000e+00
1.98057e-01   4285.068848  4.01981e+03  0.00000e+00  0.00000e+00  0.00000e+00  0.00000e+00
2.25656e-01   4287.233887  4.64770e+03  0.00000e+00  0.00000e+00  0.00000e+00  0.00000e+00
2.59435e-01   4301.863281  5.17972e+03  0.00000e+00  0.00000e+00  0.00000e+00  0.00000e+00
3.00190e-01   4332.611816  5.77547e+03  0.00000e+00  0.00000e+00  0.00000e+00  0.00000e+00
3.49123e-01   4339.026367  6.50928e+03  0.00000e+00  0.00000e+00  0.00000e+00  0.00000e+00
4.07797e-01   4342.070801  7.39038e+03  0.00000e+00  0.00000e+00  0.00000e+00  0.00000e+00
4.78157e-01   4342.584961  8.39945e+03  0.00000e+00  0.00000e+00  0.00000e+00  0.00000e+00
5.62101e-01   4350.549316  9.59098e+03  0.00000e+00  0.00000e+00  0.00000e+00  0.00000e+00
6.61296e-01   4367.418457  1.09807e+04  0.00000e+00  0.00000e+00  0.00000e+00  0.00000e+00
7.77763e-01   4389.566406  1.26189e+04  0.00000e+00  0.00000e+00  0.00000e+00  0.00000e+00
9.14027e-01   4414.249023  1.44744e+04  0.00000e+00  0.00000e+00  0.00000e+00  0.00000e+00
1.07305e+00   4447.211426  1.66121e+04  0.00000e+00  0.00000e+00  0.00000e+00  0.00000e+00
1.25620e+00   4500.225586  1.91013e+04  0.00000e+00  0.00000e+00  0.00000e+00  0.00000e+00
1.46588e+00   4568.872559  2.20097e+04  0.00000e+00  0.00000e+00  0.00000e+00  0.00000e+00
1.70610e+00   4643.702637  2.53102e+04  0.00000e+00  0.00000e+00  0.00000e+00  0.00000e+00
1.98264e+00   4727.692383  2.91582e+04  0.00000e+00  0.00000e+00  0.00000e+00  0.00000e+00
2.29896e+00   4825.097656  3.37256e+04  0.00000e+00  0.00000e+00  0.00000e+00  0.00000e+00
2.66201e+00   4929.383789  3.89410e+04  0.00000e+00  0.00000e+00  0.00000e+00  0.00000e+00
3.08258e+00   5037.105957  4.47694e+04  0.00000e+00  0.00000e+00  0.00000e+00  0.00000e+00
3.57015e+00   5146.600586  5.14478e+04  0.00000e+00  0.00000e+00  0.00000e+00  0.00000e+00
4.13097e+00   5272.526367  5.92278e+04  0.00000e+00  0.00000e+00  0.00000e+00  0.00000e+00
4.76554e+00   5414.866211  6.80093e+04  0.00000e+00  0.00000e+00  0.00000e+00  0.00000e+00
5.46483e+00   5577.027344  7.76481e+04  0.00000e+00  0.00000e+00  0.00000e+00  0.00000e+00
6.20545e+00   5751.341309  8.80245e+04  0.00000e+00  0.00000e+00  0.00000e+00  0.00000e+00
6.96191e+00   5926.487793  9.90184e+04  0.00000e+00  0.00000e+00  0.00000e+00  0.00000e+00
7.70800e+00   6116.064453  1.09534e+05  0.00000e+00  0.00000e+00  0.00000e+00  0.00000e+00
8.40786e+00   6337.659668  1.19519e+05  0.00000e+00  0.00000e+00  0.00000e+00  0.00000e+00
9.00105e+00   6672.093750  1.29024e+05  0.00000e+00  0.00000e+00  0.00000e+00  0.00000e+00
9.53647e+00   6861.475098  1.37442e+05  0.00000e+00  0.00000e+00  0.00000e+00  0.00000e+00
1.00368e+01   7115.706543  1.46030e+05  0.00000e+00  0.00000e+00  0.00000e+00  0.00000e+00
1.03129e+01   7776.248047  1.51669e+05  0.00000e+00  0.00000e+00  0.00000e+00  0.00000e+00
1.04703e+01   8450.114258  1.54771e+05  0.00000e+00  0.00000e+00  0.00000e+00  0.00000e+00
1.05940e+01   8907.304688  1.56999e+05  0.00000e+00  0.00000e+00  0.00000e+00  0.00000e+00
1.06927e+01   9312.868164  1.58770e+05  0.00000e+00  0.00000e+00  0.00000e+00  0.00000e+00
1.07803e+01   9697.739258  1.60326e+05  0.00000e+00  0.00000e+00  0.00000e+00  0.00000e+00
