1
1 143
3.75859e-07   3957.048096  5.26044e-01  0.00000e+00  0.00000e+00  0.00000e+00  0.00000e+00
1.39095e-06   3953.002686  5.30292e-01  0.00000e+00  0.00000e+00  0.00000e+00  0.00000e+00
2.73143e-06   3947.979248  5.39908e-01  0.00000e+00  0.00000e+00  0.00000e+00  0.00000e+00
4.51234e-06   3941.835938  5.57086e-01  0.00000e+00  0.00000e+00  0.00000e+00  0.00000e+00
6.87862e-06   3934.165771  5.81379e-01  0.00000e+00  0.00000e+00  0.00000e+00  0.00000e+00
1.00343e-05   3925.419434  6.19504e-01  0.00000e+00  0.00000e+00  0.00000e+00  0.00000e+00
1.42256e-05   3917.995361  6.79075e-01  0.00000e+00  0.00000e+00  0.00000e+00  0.00000e+00
1.97684e-05   3912.564941  7.69469e-01  0.00000e+00  0.00000e+00  0.00000e+00  0.00000e+00
2.70687e-05   3909.293457  9.12186e-01  0.00000e+00  0.00000e+00  0.00000e+00  0.00000e+00
3.64680e-05   3915.085938  1.15627e+00  0.00000e+00  0.00000e+00  0.00000e+00  0.00000e+00
4.81624e-05   3924.643555  1.52280e+00  0.00000e+00  0.00000e+00  0.00000e+00  0.00000e+00
6.25569e-05   3924.318604  1.96817e+00  0.00000e+00  0.00000e+00  0.00000e+00  0.00000e+00
8.04907e-05   3927.134521  2.41842e+00  0.00000e+00  0.00000e+00  0.00000e+00  0.00000e+00
1.03464e-04   3924.154053  2.86243e+00  0.00000e+00  0.00000e+00  0.00000e+00  0.00000e+00
1.32181e-04   3880.061768  3.39147e+00  0.00000e+00  0.00000e+00  0.00000e+00  0.00000e+00
1.67368e-04   3797.128418  3.95850e+00  0.00000e+00  0.00000e+00  0.00000e+00  0.00000e+00
2.09869e-04   3723.393066  4.64112e+00  0.00000e+00  0.00000e+00  0.00000e+00  0.00000e+00
2.61171e-04   3691.527588  5.49994e+00  0.00000e+00  0.00000e+00  0.00000e+00  0.00000e+00
3.23918e-04   3684.876221  6.40387e+00  0.00000e+00  0.00000e+00  0.00000e+00  0.00000e+00
3.96353e-04   3732.636719  7.33820e+00  0.00000e+00  0.00000e+00  0.00000e+00  0.00000e+00
4.56578e-04   3777.425537  5.77537e+00  0.00000e+00  0.00000e+00  0.00000e+00  0.00000e+00
4.69810e-04   3724.794678  4.51029e+00  0.00000e+00  0.00000e+00  0.00000e+00  0.00000e+00
4.83272e-04   3644.735107  3.08142e+00  0.00000e+00  0.00000e+00  0.00000e+00  0.00000e+00
4.92532e-04   3520.485596  2.10837e+00  0.00000e+00  0.00000e+00  0.00000e+00  0.00000e+00
4.98707e-04   3380.269287  1.25970e+00  0.00000e+00  0.00000e+00  0.00000e+00  0.00000e+00
5.02897e-04   3262.588379  8.75452e-01  0.00000e+00  0.00000e+00  0.00000e+00  0.00000e+00
5.05960e-04   3149.967041  5.75534e-01  0.00000e+00  0.00000e+00  0.00000e+00  0.00000e+00
5.08484e-04   3115.349609  5.03787e-01  0.00000e+00  0.00000e+00  0.00000e+00  0.00000e+00
5.10857e-04   3089.522705  4.53961e-01  0.00000e+00  0.00000e+00  0.00000e+00  0.00000e+00
5.13303e-04   3117.421387  4.90918e-01  0.00000e+00  0.00000e+00  0.00000e+00  0.00000e+00
5.15958e-04   3146.105225  5.35348e-01  0.00000e+00  0.00000e+00  0.00000e+00  0.00000e+00
5.18879e-04   3170.810791  5.96467e-01  0.00000e+00  0.00000e+00  0.00000e+00  0.00000e+00
5.22124e-04   3194.676758  6.64882e-01  0.00000e+00  0.00000e+00  0.00000e+00  0.00000e+00
5.25759e-04   3213.591064  7.52503e-01  0.00000e+00  0.00000e+00  0.00000e+00  0.00000e+00
5.29855e-04   3233.192383  8.49297e-01  0.00000e+00  0.00000e+00  0.00000e+00  0.00000e+00
5.34483e-04   3255.133545  9.72985e-01  0.00000e+00  0.00000e+00  0.00000e+00  0.00000e+00
5.39671e-04   3276.079590  1.09846e+00  0.00000e+00  0.00000e+00  0.00000e+00  0.00000e+00
5.45431e-04   3294.800781  1.22161e+00  0.00000e+00  0.00000e+00  0.00000e+00  0.00000e+00
5.51823e-04   3313.357910  1.36314e+00  0.00000e+00  0.00000e+00  0.00000e+00  0.00000e+00
5.58954e-04   3331.660156  1.52534e+00  0.00000e+00  0.00000e+00  0.00000e+00  0.00000e+00
5.66969e-04   3350.091309  1.72640e+00  0.00000e+00  0.00000e+00  0.00000e+00  0.00000e+00
5.75990e-04   3368.666016  1.96215e+00  0.00000e+00  0.00000e+00  0.00000e+00  0.00000e+00
5.86067e-04   3385.135010  2.20193e+00  0.00000e+00  0.00000e+00  0.00000e+00  0.00000e+00
5.97170e-04   3399.917480  2.44782e+00  0.00000e+00  0.00000e+00  0.00000e+00  0.00000e+00
6.09205e-04   3413.548096  2.65505e+00  0.00000e+00  0.00000e+00  0.00000e+00  0.00000e+00
6.25193e-04   3426.523438  2.85611e+00  0.00000e+00  0.00000e+00  0.00000e+00  0.00000e+00
6.91644e-04   3320.117676  2.11073e+00  0.00000e+00  0.00000e+00  0.00000e+00  0.00000e+00
6.97027e-04   3244.907227  1.83251e+00  0.00000e+00  0.00000e+00  0.00000e+00  0.00000e+00
7.04763e-04   3169.215332  1.53955e+00  0.00000e+00  0.00000e+00  0.00000e+00  0.00000e+00
7.11981e-04   3099.725342  1.44257e+00  0.00000e+00  0.00000e+00  0.00000e+00  0.00000e+00
7.19136e-04   3030.906982  1.36372e+00  0.00000e+00  0.00000e+00  0.00000e+00  0.00000e+00
7.26688e-04   2966.589600  1.43507e+00  0.00000e+00  0.00000e+00  0.00000e+00  0.00000e+00
7.35261e-04   2917.376465  1.58844e+00  0.00000e+00  0.00000e+00  0.00000e+00  0.00000e+00
7.45889e-04   2924.345947  2.04602e+00  0.00000e+00  0.00000e+00  0.00000e+00  0.00000e+00
7.60176e-04   2950.902832  2.78827e+00  0.00000e+00  0.00000e+00  0.00000e+00  0.00000e+00
7.80249e-04   3056.493408  4.06336e+00  0.00000e+00  0.00000e+00  0.00000e+00  0.00000e+00
8.08792e-04   3149.023682  5.83846e+00  0.00000e+00  0.00000e+00  0.00000e+00  0.00000e+00
8.49063e-04   3229.866455  8.46452e+00  0.00000e+00  0.00000e+00  0.00000e+00  0.00000e+00
9.35153e-04   3290.810303  1.18191e+01  0.00000e+00  0.00000e+00  0.00000e+00  0.00000e+00
1.23700e-03   3369.174316  2.52898e+01  0.00000e+00  0.00000e+00  0.00000e+00  0.00000e+00
1.42343e-03   3395.365723  3.12744e+01  0.00000e+00  0.00000e+00  0.00000e+00  0.00000e+00
1.68277e-03   3405.935303  3.27891e+01  0.00000e+00  0.00000e+00  0.00000e+00  0.00000e+00
2.02807e-03   3444.926514  3.05904e+01  0.00000e+00  0.00000e+00  0.00000e+00  0.00000e+00
2.47786e-03   3478.533447  3.34006e+01  0.00000e+00  0.00000e+00  0.00000e+00  0.00000e+00
2.93696e-03   3511.546631  4.23037e+01  0.00000e+00  0.00000e+00  0.00000e+00  0.00000e+00
3.45562e-03   3550.319580  4.95711e+01  0.00000e+00  0.00000e+00  0.00000e+00  0.00000e+00
4.05332e-03   3594.070312  5.54913e+01  0.00000e+00  0.00000e+00  0.00000e+00  0.00000e+00
4.84117e-03   3592.570068  5.28059e+01  0.00000e+00  0.00000e+00  0.00000e+00  0.00000e+00
5.97794e-03   3561.954346  5.21490e+01  0.00000e+00  0.00000e+00  0.00000e+00  0.00000e+00
7.62044e-03   3610.908936  4.41175e+01  0.00000e+00  0.00000e+00  0.00000e+00  0.00000e+00
9.73296e-03   3701.317871  5.06944e+01  0.00000e+00  0.00000e+00  0.00000e+00  0.00000e+00
1.13640e-02   3755.479248  7.59728e+01  0.00000e+00  0.00000e+00  0.00000e+00  0.00000e+00
1.35788e-02   3805.657959  6.74707e+01  0.00000e+00  0.00000e+00  0.00000e+00  0.00000e+00
1.67996e-02   3907.726807  7.92239e+01  0.00000e+00  0.00000e+00  0.00000e+00  0.00000e+00
1.96997e-02   3980.356934  1.12926e+02  0.00000e+00  0.00000e+00  0.00000e+00  0.00000e+00
2.28555e-02   4057.406738  1.45948e+02  0.00000e+00  0.00000e+00  0.00000e+00  0.00000e+00
2.62371e-02   4176.465332  2.07575e+02  0.00000e+00  0.00000e+00  0.00000e+00  0.00000e+00
2.94168e-02   4236.085938  2.90840e+02  0.00000e+00  0.00000e+00  0.00000e+00  0.00000e+00
3.28430e-02   4275.716797  3.77565e+02  0.00000e+00  0.00000e+00  0.00000e+00  0.00000e+00
3.65677e-02   4294.509277  4.73325e+02  0.00000e+00  0.00000e+00  0.00000e+00  0.00000e+00
4.07713e-02   4305.383301  5.61062e+02  0.00000e+00  0.00000e+00  0.00000e+00  0.00000e+00
4.57537e-02   4295.508301  6.30566e+02  0.00000e+00  0.00000e+00  0.00000e+00  0.00000e+00
5.19533e-02   4306.591309  6.67740e+02  0.00000e+00  0.00000e+00  0.00000e+00  0.00000e+00
6.02697e-02   4328.873535  6.62678e+02  0.00000e+00  0.00000e+00  0.00000e+00  0.00000e+00
7.18555e-02   4356.666016  6.38412e+02  0.00000e+00  0.00000e+00  0.00000e+00  0.00000e+00
8.76026e-02   4383.796875  6.45245e+02  0.00000e+00  0.00000e+00  0.00000e+00  0.00000e+00
1.06171e-01   4421.348145  8.15006e+02  0.00000e+00  0.00000e+00  0.00000e+00  0.00000e+00
1.23621e-01   4332.575195  1.05279e+03  0.00000e+00  0.00000e+00  0.00000e+00  0.00000e+00
1.43887e-01   4270.388184  1.20366e+03  0.00000e+00  0.00000e+00  0.00000e+00  0.00000e+00
1.68495e-01   4240.005371  1.34561e+03  0.00000e+00  0.00000e+00  0.00000e+00  0.00000e+00
1.99637e-01   4202.095703  1.47443e+03  0.00000e+00  0.00000e+00  0.00000e+00  0.00000e+00
2.36240e-01   4201.309082  1.74263e+03  0.00000e+00  0.00000e+00  0.00000e+00  0.00000e+00
2.77249e-01   4198.617188  2.07626e+03  0.00000e+00  0.00000e+00  0.00000e+00  0.00000e+00
3.25881e-01   4193.018555  2.42584e+03  0.00000e+00  0.00000e+00  0.00000e+00  0.00000e+00
3.83529e-01   4174.611328  2.82939e+03  0.00000e+00  0.00000e+00  0.00000e+00  0.00000e+00
4.49675e-01   4208.058105  3.30736e+03  0.00000e+00  0.00000e+00  0.00000e+00  0.00000e+00
5.26651e-01   4253.272461  3.74585e+03  0.00000e+00  0.00000e+00  0.00000e+00  0.00000e+00
6.14568e-01   4345.925781  4.23643e+03  0.00000e+00  0.00000e+00  0.00000e+00  0.00000e+00
7.19002e-01   4451.096191  4.74857e+03  0.00000e+00  0.00000e+00  0.00000e+00  0.00000e+00
8.40114e-01   4544.003418  5.49810e+03  0.00000e+00  0.00000e+00  0.00000e+00  0.00000e+00
9.74750e-01   4630.636719  6.63838e+03  0.00000e+00  0.00000e+00  0.00000e+00  0.00000e+00
1.13088e+00   4704.025391  7.51466e+03  0.00000e+00  0.00000e+00  0.00000e+00  0.00000e+00
1.35358e+00   4828.920898  8.17789e+03  0.00000e+00  0.00000e+00  0.00000e+00  0.00000e+00
1.49674e+00   4878.864746  1.08335e+04  0.00000e+00  0.00000e+00  0.00000e+00  0.00000e+00
1.51355e+00   4875.471680  9.20733e+03  0.00000e+00  0.00000e+00  0.00000e+00  0.00000e+00
1.53683e+00   4867.280762  7.10152e+03  0.00000e+00  0.00000e+00  0.00000e+00  0.00000e+00
1.55482e+00   4890.892090  5.68549e+03  0.00000e+00  0.00000e+00  0.00000e+00  0.00000e+00
1.56874e+00   4927.834961  4.06094e+03  0.00000e+00  0.00000e+00  0.00000e+00  0.00000e+00
1.58057e+00   4962.951660  3.74269e+03  0.00000e+00  0.00000e+00  0.00000e+00  0.00000e+00
1.59176e+00   4991.924805  3.49005e+03  0.00000e+00  0.00000e+00  0.00000e+00  0.00000e+00
1.60296e+00   5019.165527  3.60308e+03  0.00000e+00  0.00000e+00  0.00000e+00  0.00000e+00
1.61731e+00   5053.993652  3.71126e+03  0.00000e+00  0.00000e+00  0.00000e+00  0.00000e+00
1.65224e+00   5286.851074  3.97139e+03  0.00000e+00  0.00000e+00  0.00000e+00  0.00000e+00
1.66122e+00   5310.991211  4.04381e+03  0.00000e+00  0.00000e+00  0.00000e+00  0.00000e+00
1.67361e+00   5342.601074  4.19667e+03  0.00000e+00  0.00000e+00  0.00000e+00  0.00000e+00
1.68713e+00   5354.609863  4.51417e+03  0.00000e+00  0.00000e+00  0.00000e+00  0.00000e+00
1.70276e+00   5326.302246  5.28742e+03  0.00000e+00  0.00000e+00  0.00000e+00  0.00000e+00
1.72134e+00   5306.753906  6.24693e+03  0.00000e+00  0.00000e+00  0.00000e+00  0.00000e+00
1.74364e+00   5294.455078  7.48086e+03  0.00000e+00  0.00000e+00  0.00000e+00  0.00000e+00
1.77059e+00   5272.741211  9.00262e+03  0.00000e+00  0.00000e+00  0.00000e+00  0.00000e+00
1.81825e+00   5229.619629  1.08327e+04  0.00000e+00  0.00000e+00  0.00000e+00  0.00000e+00
2.09901e+00   5136.423340  1.58321e+04  0.00000e+00  0.00000e+00  0.00000e+00  0.00000e+00
2.32433e+00   5149.324707  2.99539e+04  0.00000e+00  0.00000e+00  0.00000e+00  0.00000e+00
2.51254e+00   5138.621094  3.75681e+04  0.00000e+00  0.00000e+00  0.00000e+00  0.00000e+00
2.75963e+00   5106.162598  4.21707e+04  0.00000e+00  0.00000e+00  0.00000e+00  0.00000e+00
3.06041e+00   5123.113281  4.78638e+04  0.00000e+00  0.00000e+00  0.00000e+00  0.00000e+00
3.40778e+00   5159.664062  5.53815e+04  0.00000e+00  0.00000e+00  0.00000e+00  0.00000e+00
3.80162e+00   5201.060059  6.23533e+04  0.00000e+00  0.00000e+00  0.00000e+00  0.00000e+00
4.38985e+00   5237.095215  4.94798e+04  0.00000e+00  0.00000e+00  0.00000e+00  0.00000e+00
5.28765e+00   5380.791016  5.46735e+04  0.00000e+00  0.00000e+00  0.00000e+00  0.00000e+00
6.16412e+00   5443.774902  5.97632e+04  0.00000e+00  0.00000e+00  0.00000e+00  0.00000e+00
6.98410e+00   5534.357422  1.00170e+05  0.00000e+00  0.00000e+00  0.00000e+00  0.00000e+00
7.80823e+00   5617.227539  9.90232e+04  0.00000e+00  0.00000e+00  0.00000e+00  0.00000e+00
9.33385e+00   5811.666992  7.04949e+04  0.00000e+00  0.00000e+00  0.00000e+00  0.00000e+00
1.06240e+01   6085.234375  8.18745e+04  0.00000e+00  0.00000e+00  0.00000e+00  0.00000e+00
1.19889e+01   6493.817383  8.99314e+04  0.00000e+00  0.00000e+00  0.00000e+00  0.00000e+00
1.25883e+01   6492.086914  1.91192e+05  0.00000e+00  0.00000e+00  0.00000e+00  0.00000e+00
1.29588e+01   6960.419434  2.25229e+05  0.00000e+00  0.00000e+00  0.00000e+00  0.00000e+00
1.30674e+01   7544.586914  2.33949e+05  0.00000e+00  0.00000e+00  0.00000e+00  0.00000e+00
1.32313e+01   8245.942383  2.43344e+05  0.00000e+00  0.00000e+00  0.00000e+00  0.00000e+00
1.33580e+01   9056.724609  2.53610e+05  0.00000e+00  0.00000e+00  0.00000e+00  0.00000e+00
1.33967e+01   9312.332031  2.56252e+05  0.00000e+00  0.00000e+00  0.00000e+00  0.00000e+00
1.34625e+01   9615.928711  2.59351e+05  0.00000e+00  0.00000e+00  0.00000e+00  0.00000e+00
