1
1 91
4.15899e-07   3339.988281  5.16053e-01  0.00000e+00  0.00000e+00  0.00000e+00  0.00000e+00
1.57249e-06   3337.644775  5.37295e-01  0.00000e+00  0.00000e+00  0.00000e+00  0.00000e+00
3.05901e-06   3333.986816  5.64242e-01  0.00000e+00  0.00000e+00  0.00000e+00  0.00000e+00
5.01935e-06   3327.045410  5.96245e-01  0.00000e+00  0.00000e+00  0.00000e+00  0.00000e+00
7.60515e-06   3310.195312  6.26243e-01  0.00000e+00  0.00000e+00  0.00000e+00  0.00000e+00
1.10552e-05   3288.426514  6.64406e-01  0.00000e+00  0.00000e+00  0.00000e+00  0.00000e+00
1.56896e-05   3263.524170  7.19054e-01  0.00000e+00  0.00000e+00  0.00000e+00  0.00000e+00
2.19265e-05   3239.105469  8.00906e-01  0.00000e+00  0.00000e+00  0.00000e+00  0.00000e+00
3.03273e-05   3221.024902  9.26448e-01  0.00000e+00  0.00000e+00  0.00000e+00  0.00000e+00
4.11567e-05   3223.337646  1.13660e+00  0.00000e+00  0.00000e+00  0.00000e+00  0.00000e+00
5.45503e-05   3249.094238  1.44418e+00  0.00000e+00  0.00000e+00  0.00000e+00  0.00000e+00
7.06027e-05   3285.580322  1.83222e+00  0.00000e+00  0.00000e+00  0.00000e+00  0.00000e+00
8.96464e-05   3332.795410  2.31924e+00  0.00000e+00  0.00000e+00  0.00000e+00  0.00000e+00
1.12619e-04   3366.497070  2.79705e+00  0.00000e+00  0.00000e+00  0.00000e+00  0.00000e+00
1.41295e-04   3390.886963  3.29140e+00  0.00000e+00  0.00000e+00  0.00000e+00  0.00000e+00
1.77811e-04   3392.692871  3.74229e+00  0.00000e+00  0.00000e+00  0.00000e+00  0.00000e+00
2.23699e-04   3431.501709  4.49572e+00  0.00000e+00  0.00000e+00  0.00000e+00  0.00000e+00
2.76120e-04   3515.593994  5.72186e+00  0.00000e+00  0.00000e+00  0.00000e+00  0.00000e+00
3.35166e-04   3642.535889  7.52344e+00  0.00000e+00  0.00000e+00  0.00000e+00  0.00000e+00
4.05133e-04   3749.061279  9.72271e+00  0.00000e+00  0.00000e+00  0.00000e+00  0.00000e+00
4.88985e-04   3845.541504  1.23267e+01  0.00000e+00  0.00000e+00  0.00000e+00  0.00000e+00
5.90012e-04   3880.715820  1.48951e+01  0.00000e+00  0.00000e+00  0.00000e+00  0.00000e+00
7.10459e-04   3891.437256  1.76014e+01  0.00000e+00  0.00000e+00  0.00000e+00  0.00000e+00
8.55772e-04   3833.394531  1.98914e+01  0.00000e+00  0.00000e+00  0.00000e+00  0.00000e+00
1.04526e-03   3626.504639  2.05992e+01  0.00000e+00  0.00000e+00  0.00000e+00  0.00000e+00
1.33124e-03   3462.391113  2.09943e+01  0.00000e+00  0.00000e+00  0.00000e+00  0.00000e+00
1.67888e-03   3561.886475  2.24842e+01  0.00000e+00  0.00000e+00  0.00000e+00  0.00000e+00
2.06977e-03   3646.130371  2.51769e+01  0.00000e+00  0.00000e+00  0.00000e+00  0.00000e+00
2.54079e-03   3693.903564  2.91833e+01  0.00000e+00  0.00000e+00  0.00000e+00  0.00000e+00
3.10337e-03   3699.204102  3.60244e+01  0.00000e+00  0.00000e+00  0.00000e+00  0.00000e+00
3.71828e-03   3701.590332  4.81716e+01  0.00000e+00  0.00000e+00  0.00000e+00  0.00000e+00
4.37467e-03   3729.376465  6.38739e+01  0.00000e+00  0.00000e+00  0.00000e+00  0.00000e+00
5.08896e-03   3769.911133  8.26837e+01  0.00000e+00  0.00000e+00  0.00000e+00  0.00000e+00
5.88634e-03   3793.375732  1.02610e+02  0.00000e+00  0.00000e+00  0.00000e+00  0.00000e+00
6.80380e-03   3813.573486  1.23306e+02  0.00000e+00  0.00000e+00  0.00000e+00  0.00000e+00
7.87077e-03   3836.589355  1.47579e+02  0.00000e+00  0.00000e+00  0.00000e+00  0.00000e+00
9.12732e-03   3857.140381  1.69410e+02  0.00000e+00  0.00000e+00  0.00000e+00  0.00000e+00
1.05813e-02   3896.029785  1.97036e+02  0.00000e+00  0.00000e+00  0.00000e+00  0.00000e+00
1.22821e-02   3945.467285  2.28489e+02  0.00000e+00  0.00000e+00  0.00000e+00  0.00000e+00
1.42837e-02   3988.598389  2.57412e+02  0.00000e+00  0.00000e+00  0.00000e+00  0.00000e+00
1.66572e-02   4049.216797  2.93946e+02  0.00000e+00  0.00000e+00  0.00000e+00  0.00000e+00
1.94813e-02   4118.432617  3.33770e+02  0.00000e+00  0.00000e+00  0.00000e+00  0.00000e+00
2.28717e-02   4176.295898  3.77129e+02  0.00000e+00  0.00000e+00  0.00000e+00  0.00000e+00
2.68894e-02   4238.224609  4.36506e+02  0.00000e+00  0.00000e+00  0.00000e+00  0.00000e+00
3.15250e-02   4310.105957  5.19167e+02  0.00000e+00  0.00000e+00  0.00000e+00  0.00000e+00
3.67966e-02   4353.205078  6.23723e+02  0.00000e+00  0.00000e+00  0.00000e+00  0.00000e+00
4.27057e-02   4368.819824  7.53744e+02  0.00000e+00  0.00000e+00  0.00000e+00  0.00000e+00
4.92328e-02   4388.715820  9.32809e+02  0.00000e+00  0.00000e+00  0.00000e+00  0.00000e+00
5.62860e-02   4413.853516  1.14770e+03  0.00000e+00  0.00000e+00  0.00000e+00  0.00000e+00
6.44192e-02   4424.145996  1.33800e+03  0.00000e+00  0.00000e+00  0.00000e+00  0.00000e+00
7.40430e-02   4424.013184  1.56426e+03  0.00000e+00  0.00000e+00  0.00000e+00  0.00000e+00
8.45567e-02   4473.902832  1.95093e+03  0.00000e+00  0.00000e+00  0.00000e+00  0.00000e+00
9.61378e-02   4505.684082  2.38058e+03  0.00000e+00  0.00000e+00  0.00000e+00  0.00000e+00
1.08966e-01   4492.492676  2.92361e+03  0.00000e+00  0.00000e+00  0.00000e+00  0.00000e+00
1.23634e-01   4429.427246  3.40614e+03  0.00000e+00  0.00000e+00  0.00000e+00  0.00000e+00
1.41430e-01   4395.231445  3.83366e+03  0.00000e+00  0.00000e+00  0.00000e+00  0.00000e+00
1.63189e-01   4392.648438  4.24976e+03  0.00000e+00  0.00000e+00  0.00000e+00  0.00000e+00
1.89543e-01   4413.747070  4.73650e+03  0.00000e+00  0.00000e+00  0.00000e+00  0.00000e+00
2.20871e-01   4456.014160  5.33219e+03  0.00000e+00  0.00000e+00  0.00000e+00  0.00000e+00
2.57865e-01   4507.371582  6.04979e+03  0.00000e+00  0.00000e+00  0.00000e+00  0.00000e+00
3.01588e-01   4520.377930  6.89018e+03  0.00000e+00  0.00000e+00  0.00000e+00  0.00000e+00
3.53146e-01   4525.239746  7.91638e+03  0.00000e+00  0.00000e+00  0.00000e+00  0.00000e+00
4.14054e-01   4513.528809  9.11774e+03  0.00000e+00  0.00000e+00  0.00000e+00  0.00000e+00
4.86712e-01   4502.565918  1.03823e+04  0.00000e+00  0.00000e+00  0.00000e+00  0.00000e+00
5.73847e-01   4483.383789  1.19131e+04  0.00000e+00  0.00000e+00  0.00000e+00  0.00000e+00
6.76940e-01   4484.213379  1.37816e+04  0.00000e+00  0.00000e+00  0.00000e+00  0.00000e+00
7.97227e-01   4500.084473  1.60024e+04  0.00000e+00  0.00000e+00  0.00000e+00  0.00000e+00
9.36194e-01   4540.601562  1.85965e+04  0.00000e+00  0.00000e+00  0.00000e+00  0.00000e+00
1.09435e+00   4603.901855  2.17232e+04  0.00000e+00  0.00000e+00  0.00000e+00  0.00000e+00
1.27453e+00   4675.087402  2.52980e+04  0.00000e+00  0.00000e+00  0.00000e+00  0.00000e+00
1.48072e+00   4760.647949  2.94553e+04  0.00000e+00  0.00000e+00  0.00000e+00  0.00000e+00
1.71711e+00   4843.916504  3.40712e+04  0.00000e+00  0.00000e+00  0.00000e+00  0.00000e+00
1.99069e+00   4933.522461  3.92649e+04  0.00000e+00  0.00000e+00  0.00000e+00  0.00000e+00
2.30608e+00   5044.568848  4.53867e+04  0.00000e+00  0.00000e+00  0.00000e+00  0.00000e+00
2.66837e+00   5176.815918  5.24592e+04  0.00000e+00  0.00000e+00  0.00000e+00  0.00000e+00
3.07898e+00   5337.557617  6.07335e+04  0.00000e+00  0.00000e+00  0.00000e+00  0.00000e+00
3.52774e+00   5523.724121  6.99792e+04  0.00000e+00  0.00000e+00  0.00000e+00  0.00000e+00
3.99056e+00   5733.809570  7.99171e+04  0.00000e+00  0.00000e+00  0.00000e+00  0.00000e+00
4.43843e+00   5954.697266  8.97865e+04  0.00000e+00  0.00000e+00  0.00000e+00  0.00000e+00
4.84630e+00   6201.019531  9.89744e+04  0.00000e+00  0.00000e+00  0.00000e+00  0.00000e+00
5.19775e+00   6490.571777  1.07028e+05  0.00000e+00  0.00000e+00  0.00000e+00  0.00000e+00
5.49794e+00   6787.440918  1.13641e+05  0.00000e+00  0.00000e+00  0.00000e+00  0.00000e+00
5.75801e+00   7035.883301  1.20272e+05  0.00000e+00  0.00000e+00  0.00000e+00  0.00000e+00
5.94598e+00   7469.691406  1.24424e+05  0.00000e+00  0.00000e+00  0.00000e+00  0.00000e+00
6.06240e+00   7998.302734  1.26687e+05  0.00000e+00  0.00000e+00  0.00000e+00  0.00000e+00
6.14809e+00   8486.351562  1.28313e+05  0.00000e+00  0.00000e+00  0.00000e+00  0.00000e+00
6.22996e+00   8988.939453  1.29949e+05  0.00000e+00  0.00000e+00  0.00000e+00  0.00000e+00
6.28191e+00   9275.854492  1.30920e+05  0.00000e+00  0.00000e+00  0.00000e+00  0.00000e+00
6.34723e+00   9579.051758  1.32009e+05  0.00000e+00  0.00000e+00  0.00000e+00  0.00000e+00
6.41457e+00   9876.530273  1.33194e+05  0.00000e+00  0.00000e+00  0.00000e+00  0.00000e+00
6.47795e+00  10092.279297  1.34251e+05  0.00000e+00  0.00000e+00  0.00000e+00  0.00000e+00
