1
1 160
2.32543e-07   3288.410156  3.75739e+00  0.00000e+00  0.00000e+00  0.00000e+00  0.00000e+00
8.66425e-07   3297.081787  3.81635e+00  0.00000e+00  0.00000e+00  0.00000e+00  0.00000e+00
1.70978e-06   3308.513428  3.89408e+00  0.00000e+00  0.00000e+00  0.00000e+00  0.00000e+00
2.84538e-06   3323.583252  3.99654e+00  0.00000e+00  0.00000e+00  0.00000e+00  0.00000e+00
4.38445e-06   3343.449219  4.13161e+00  0.00000e+00  0.00000e+00  0.00000e+00  0.00000e+00
6.48512e-06   3369.637451  4.30966e+00  0.00000e+00  0.00000e+00  0.00000e+00  0.00000e+00
9.37916e-06   3404.160400  4.54439e+00  0.00000e+00  0.00000e+00  0.00000e+00  0.00000e+00
1.34132e-05   3449.670654  4.85382e+00  0.00000e+00  0.00000e+00  0.00000e+00  0.00000e+00
1.87511e-05   3509.664551  5.26172e+00  0.00000e+00  0.00000e+00  0.00000e+00  0.00000e+00
2.43633e-05   3563.270264  5.65404e+00  0.00000e+00  0.00000e+00  0.00000e+00  0.00000e+00
3.13464e-05   3615.810547  6.06896e+00  0.00000e+00  0.00000e+00  0.00000e+00  0.00000e+00
4.04946e-05   3673.161377  6.55027e+00  0.00000e+00  0.00000e+00  0.00000e+00  0.00000e+00
5.20257e-05   3728.670166  7.07731e+00  0.00000e+00  0.00000e+00  0.00000e+00  0.00000e+00
6.70920e-05   3783.414551  7.67538e+00  0.00000e+00  0.00000e+00  0.00000e+00  0.00000e+00
8.64702e-05   3832.015381  8.31005e+00  0.00000e+00  0.00000e+00  0.00000e+00  0.00000e+00
1.11541e-04   3870.079834  8.95741e+00  0.00000e+00  0.00000e+00  0.00000e+00  0.00000e+00
1.43946e-04   3888.589355  9.56285e+00  0.00000e+00  0.00000e+00  0.00000e+00  0.00000e+00
1.85554e-04   3930.905029  1.06352e+01  0.00000e+00  0.00000e+00  0.00000e+00  0.00000e+00
2.36736e-04   4033.262451  1.26201e+01  0.00000e+00  0.00000e+00  0.00000e+00  0.00000e+00
2.99157e-04   4100.045898  1.43526e+01  0.00000e+00  0.00000e+00  0.00000e+00  0.00000e+00
3.79872e-04   4064.338135  1.50136e+01  0.00000e+00  0.00000e+00  0.00000e+00  0.00000e+00
4.82793e-04   4057.541992  1.62115e+01  0.00000e+00  0.00000e+00  0.00000e+00  0.00000e+00
6.10359e-04   4001.614502  1.70282e+01  0.00000e+00  0.00000e+00  0.00000e+00  0.00000e+00
7.70850e-04   3882.705078  1.70430e+01  0.00000e+00  0.00000e+00  0.00000e+00  0.00000e+00
9.82961e-04   3702.300293  1.60057e+01  0.00000e+00  0.00000e+00  0.00000e+00  0.00000e+00
1.32808e-03   3364.611572  1.35644e+01  0.00000e+00  0.00000e+00  0.00000e+00  0.00000e+00
1.78064e-03   3571.243164  1.98467e+01  0.00000e+00  0.00000e+00  0.00000e+00  0.00000e+00
2.12999e-03   3893.059570  2.82422e+01  0.00000e+00  0.00000e+00  0.00000e+00  0.00000e+00
2.55145e-03   4194.592773  3.70236e+01  0.00000e+00  0.00000e+00  0.00000e+00  0.00000e+00
2.88506e-03   4732.094238  5.78976e+01  0.00000e+00  0.00000e+00  0.00000e+00  0.00000e+00
3.06530e-03   5093.891113  7.01137e+01  0.00000e+00  0.00000e+00  0.00000e+00  0.00000e+00
3.57649e-03   4216.772949  4.29245e+01  0.00000e+00  0.00000e+00  0.00000e+00  0.00000e+00
3.68122e-03   3934.659424  3.51410e+01  0.00000e+00  0.00000e+00  0.00000e+00  0.00000e+00
3.82031e-03   3979.557861  3.64906e+01  0.00000e+00  0.00000e+00  0.00000e+00  0.00000e+00
4.00918e-03   4002.284668  3.78449e+01  0.00000e+00  0.00000e+00  0.00000e+00  0.00000e+00
4.49808e-03   4015.968750  4.57002e+01  0.00000e+00  0.00000e+00  0.00000e+00  0.00000e+00
4.63773e-03   4037.591064  4.92487e+01  0.00000e+00  0.00000e+00  0.00000e+00  0.00000e+00
4.83070e-03   4044.262695  5.21511e+01  0.00000e+00  0.00000e+00  0.00000e+00  0.00000e+00
5.02551e-03   3932.056641  5.11415e+01  0.00000e+00  0.00000e+00  0.00000e+00  0.00000e+00
5.24453e-03   3730.818359  4.71560e+01  0.00000e+00  0.00000e+00  0.00000e+00  0.00000e+00
5.60567e-03   3271.636719  3.80018e+01  0.00000e+00  0.00000e+00  0.00000e+00  0.00000e+00
5.75222e-03   3146.637939  3.64125e+01  0.00000e+00  0.00000e+00  0.00000e+00  0.00000e+00
5.93136e-03   3061.302002  3.58639e+01  0.00000e+00  0.00000e+00  0.00000e+00  0.00000e+00
6.11830e-03   3056.924316  3.76662e+01  0.00000e+00  0.00000e+00  0.00000e+00  0.00000e+00
6.31568e-03   3070.561279  3.99562e+01  0.00000e+00  0.00000e+00  0.00000e+00  0.00000e+00
6.52456e-03   3075.565186  4.23701e+01  0.00000e+00  0.00000e+00  0.00000e+00  0.00000e+00
6.74660e-03   3079.610107  4.49448e+01  0.00000e+00  0.00000e+00  0.00000e+00  0.00000e+00
6.98448e-03   3122.024170  4.89414e+01  0.00000e+00  0.00000e+00  0.00000e+00  0.00000e+00
7.29060e-03   3166.844727  5.34513e+01  0.00000e+00  0.00000e+00  0.00000e+00  0.00000e+00
7.85657e-03   3296.091553  6.37438e+01  0.00000e+00  0.00000e+00  0.00000e+00  0.00000e+00
8.11390e-03   3296.088623  6.69828e+01  0.00000e+00  0.00000e+00  0.00000e+00  0.00000e+00
8.49122e-03   3286.581543  6.96593e+01  0.00000e+00  0.00000e+00  0.00000e+00  0.00000e+00
9.16043e-03   3207.001465  7.18506e+01  0.00000e+00  0.00000e+00  0.00000e+00  0.00000e+00
9.45148e-03   3177.212402  7.31083e+01  0.00000e+00  0.00000e+00  0.00000e+00  0.00000e+00
9.81115e-03   3151.585449  7.51228e+01  0.00000e+00  0.00000e+00  0.00000e+00  0.00000e+00
1.01855e-02   3132.400635  7.81443e+01  0.00000e+00  0.00000e+00  0.00000e+00  0.00000e+00
1.05779e-02   3212.047363  8.39733e+01  0.00000e+00  0.00000e+00  0.00000e+00  0.00000e+00
1.10764e-02   3343.015381  9.23792e+01  0.00000e+00  0.00000e+00  0.00000e+00  0.00000e+00
1.19986e-02   3637.168945  1.16387e+02  0.00000e+00  0.00000e+00  0.00000e+00  0.00000e+00
1.24182e-02   3712.521973  1.25136e+02  0.00000e+00  0.00000e+00  0.00000e+00  0.00000e+00
1.31103e-02   3709.040771  1.28529e+02  0.00000e+00  0.00000e+00  0.00000e+00  0.00000e+00
1.63348e-02   3735.559814  1.30429e+02  0.00000e+00  0.00000e+00  0.00000e+00  0.00000e+00
1.76793e-02   3825.477783  1.36084e+02  0.00000e+00  0.00000e+00  0.00000e+00  0.00000e+00
1.90118e-02   4328.015625  1.73529e+02  0.00000e+00  0.00000e+00  0.00000e+00  0.00000e+00
1.94753e-02   4542.343750  1.88711e+02  0.00000e+00  0.00000e+00  0.00000e+00  0.00000e+00
2.01002e-02   4264.948242  1.77724e+02  0.00000e+00  0.00000e+00  0.00000e+00  0.00000e+00
2.07183e-02   3976.581055  1.70620e+02  0.00000e+00  0.00000e+00  0.00000e+00  0.00000e+00
2.13104e-02   3430.588623  1.37600e+02  0.00000e+00  0.00000e+00  0.00000e+00  0.00000e+00
2.18663e-02   3184.586182  1.23209e+02  0.00000e+00  0.00000e+00  0.00000e+00  0.00000e+00
2.23812e-02   2939.019287  1.00866e+02  0.00000e+00  0.00000e+00  0.00000e+00  0.00000e+00
2.28601e-02   2761.094238  8.89516e+01  0.00000e+00  0.00000e+00  0.00000e+00  0.00000e+00
2.33173e-02   2679.892090  7.83130e+01  0.00000e+00  0.00000e+00  0.00000e+00  0.00000e+00
2.37670e-02   2674.267334  8.03867e+01  0.00000e+00  0.00000e+00  0.00000e+00  0.00000e+00
2.42144e-02   2651.555420  7.63621e+01  0.00000e+00  0.00000e+00  0.00000e+00  0.00000e+00
2.46657e-02   2665.799561  7.87151e+01  0.00000e+00  0.00000e+00  0.00000e+00  0.00000e+00
2.51240e-02   2687.491455  8.15059e+01  0.00000e+00  0.00000e+00  0.00000e+00  0.00000e+00
2.55855e-02   2717.635010  8.13453e+01  0.00000e+00  0.00000e+00  0.00000e+00  0.00000e+00
2.60493e-02   2803.388184  8.70762e+01  0.00000e+00  0.00000e+00  0.00000e+00  0.00000e+00
2.65106e-02   2837.970215  8.64765e+01  0.00000e+00  0.00000e+00  0.00000e+00  0.00000e+00
2.69673e-02   2884.031494  8.74078e+01  0.00000e+00  0.00000e+00  0.00000e+00  0.00000e+00
2.74198e-02   2911.483398  8.79070e+01  0.00000e+00  0.00000e+00  0.00000e+00  0.00000e+00
2.78709e-02   2977.233398  8.83121e+01  0.00000e+00  0.00000e+00  0.00000e+00  0.00000e+00
2.83254e-02   3092.867920  9.47498e+01  0.00000e+00  0.00000e+00  0.00000e+00  0.00000e+00
2.87811e-02   3244.932617  9.85773e+01  0.00000e+00  0.00000e+00  0.00000e+00  0.00000e+00
2.92322e-02   3259.321045  9.89510e+01  0.00000e+00  0.00000e+00  0.00000e+00  0.00000e+00
2.96742e-02   3192.707764  9.37875e+01  0.00000e+00  0.00000e+00  0.00000e+00  0.00000e+00
3.02923e-02   3221.512451  9.28416e+01  0.00000e+00  0.00000e+00  0.00000e+00  0.00000e+00
3.31252e-02   3233.797852  1.08237e+02  0.00000e+00  0.00000e+00  0.00000e+00  0.00000e+00
3.34578e-02   3183.939941  1.08350e+02  0.00000e+00  0.00000e+00  0.00000e+00  0.00000e+00
3.39883e-02   3136.248535  1.11256e+02  0.00000e+00  0.00000e+00  0.00000e+00  0.00000e+00
3.45364e-02   3117.946289  1.14237e+02  0.00000e+00  0.00000e+00  0.00000e+00  0.00000e+00
3.51006e-02   3117.844727  1.17004e+02  0.00000e+00  0.00000e+00  0.00000e+00  0.00000e+00
3.56807e-02   3094.107422  1.20124e+02  0.00000e+00  0.00000e+00  0.00000e+00  0.00000e+00
3.62772e-02   3113.754883  1.23116e+02  0.00000e+00  0.00000e+00  0.00000e+00  0.00000e+00
3.68940e-02   3123.321289  1.28738e+02  0.00000e+00  0.00000e+00  0.00000e+00  0.00000e+00
3.75318e-02   3094.146973  1.31703e+02  0.00000e+00  0.00000e+00  0.00000e+00  0.00000e+00
3.81902e-02   3058.509766  1.33677e+02  0.00000e+00  0.00000e+00  0.00000e+00  0.00000e+00
3.88708e-02   3047.227539  1.38527e+02  0.00000e+00  0.00000e+00  0.00000e+00  0.00000e+00
3.95730e-02   3071.253418  1.43453e+02  0.00000e+00  0.00000e+00  0.00000e+00  0.00000e+00
4.02986e-02   3084.848145  1.48855e+02  0.00000e+00  0.00000e+00  0.00000e+00  0.00000e+00
4.10474e-02   3059.532959  1.53165e+02  0.00000e+00  0.00000e+00  0.00000e+00  0.00000e+00
4.18351e-02   2999.731934  1.52825e+02  0.00000e+00  0.00000e+00  0.00000e+00  0.00000e+00
4.26979e-02   3026.316406  1.74855e+02  0.00000e+00  0.00000e+00  0.00000e+00  0.00000e+00
4.36778e-02   3020.734619  1.91650e+02  0.00000e+00  0.00000e+00  0.00000e+00  0.00000e+00
4.48470e-02   3281.771484  2.60663e+02  0.00000e+00  0.00000e+00  0.00000e+00  0.00000e+00
4.62743e-02   3736.286377  3.69964e+02  0.00000e+00  0.00000e+00  0.00000e+00  0.00000e+00
4.78802e-02   4113.658691  4.68014e+02  0.00000e+00  0.00000e+00  0.00000e+00  0.00000e+00
4.96482e-02   4160.523438  5.12575e+02  0.00000e+00  0.00000e+00  0.00000e+00  0.00000e+00
5.32156e-02   4136.909180  5.46295e+02  0.00000e+00  0.00000e+00  0.00000e+00  0.00000e+00
5.78422e-02   3922.738770  5.46205e+02  0.00000e+00  0.00000e+00  0.00000e+00  0.00000e+00
6.43223e-02   3885.216553  5.87537e+02  0.00000e+00  0.00000e+00  0.00000e+00  0.00000e+00
7.21407e-02   3876.680908  6.34498e+02  0.00000e+00  0.00000e+00  0.00000e+00  0.00000e+00
8.14379e-02   3931.509033  7.11483e+02  0.00000e+00  0.00000e+00  0.00000e+00  0.00000e+00
9.22346e-02   3968.716064  7.86966e+02  0.00000e+00  0.00000e+00  0.00000e+00  0.00000e+00
1.04584e-01   4035.114258  8.86274e+02  0.00000e+00  0.00000e+00  0.00000e+00  0.00000e+00
1.19200e-01   4087.663086  9.88864e+02  0.00000e+00  0.00000e+00  0.00000e+00  0.00000e+00
1.37005e-01   4117.144043  1.10780e+03  0.00000e+00  0.00000e+00  0.00000e+00  0.00000e+00
1.61001e-01   3995.307373  1.25683e+03  0.00000e+00  0.00000e+00  0.00000e+00  0.00000e+00
1.95711e-01   3793.104736  1.44480e+03  0.00000e+00  0.00000e+00  0.00000e+00  0.00000e+00
2.38210e-01   3813.222656  1.95350e+03  0.00000e+00  0.00000e+00  0.00000e+00  0.00000e+00
2.68734e-01   4094.263184  2.41062e+03  0.00000e+00  0.00000e+00  0.00000e+00  0.00000e+00
3.14755e-01   3899.197510  2.75161e+03  0.00000e+00  0.00000e+00  0.00000e+00  0.00000e+00
3.82363e-01   3776.122070  3.14584e+03  0.00000e+00  0.00000e+00  0.00000e+00  0.00000e+00
4.59242e-01   3896.018799  3.89274e+03  0.00000e+00  0.00000e+00  0.00000e+00  0.00000e+00
5.54966e-01   3762.731934  4.86759e+03  0.00000e+00  0.00000e+00  0.00000e+00  0.00000e+00
6.78305e-01   3747.636963  6.58602e+03  0.00000e+00  0.00000e+00  0.00000e+00  0.00000e+00
7.91903e-01   3815.680908  8.13567e+03  0.00000e+00  0.00000e+00  0.00000e+00  0.00000e+00
9.04709e-01   3924.078613  9.82964e+03  0.00000e+00  0.00000e+00  0.00000e+00  0.00000e+00
1.01705e+00   3998.358887  1.17617e+04  0.00000e+00  0.00000e+00  0.00000e+00  0.00000e+00
1.14664e+00   4018.189209  1.35338e+04  0.00000e+00  0.00000e+00  0.00000e+00  0.00000e+00
1.29421e+00   4092.454834  1.53874e+04  0.00000e+00  0.00000e+00  0.00000e+00  0.00000e+00
1.49405e+00   4003.204590  1.71667e+04  0.00000e+00  0.00000e+00  0.00000e+00  0.00000e+00
1.79437e+00   3914.058594  1.94008e+04  0.00000e+00  0.00000e+00  0.00000e+00  0.00000e+00
2.13452e+00   3956.889893  2.21562e+04  0.00000e+00  0.00000e+00  0.00000e+00  0.00000e+00
2.48808e+00   4042.953125  2.51160e+04  0.00000e+00  0.00000e+00  0.00000e+00  0.00000e+00
2.85517e+00   4134.401367  2.80773e+04  0.00000e+00  0.00000e+00  0.00000e+00  0.00000e+00
3.25291e+00   4232.964844  3.13102e+04  0.00000e+00  0.00000e+00  0.00000e+00  0.00000e+00
3.67499e+00   4340.579102  3.45298e+04  0.00000e+00  0.00000e+00  0.00000e+00  0.00000e+00
4.16534e+00   4401.667969  3.77191e+04  0.00000e+00  0.00000e+00  0.00000e+00  0.00000e+00
4.80705e+00   4381.395508  4.17137e+04  0.00000e+00  0.00000e+00  0.00000e+00  0.00000e+00
5.60705e+00   4343.688965  4.71549e+04  0.00000e+00  0.00000e+00  0.00000e+00  0.00000e+00
6.41806e+00   4478.385254  6.20266e+04  0.00000e+00  0.00000e+00  0.00000e+00  0.00000e+00
7.28135e+00   4473.582031  7.37994e+04  0.00000e+00  0.00000e+00  0.00000e+00  0.00000e+00
8.35362e+00   4439.867676  8.45151e+04  0.00000e+00  0.00000e+00  0.00000e+00  0.00000e+00
9.49365e+00   4633.485840  9.63440e+04  0.00000e+00  0.00000e+00  0.00000e+00  0.00000e+00
1.07119e+01   4753.079102  1.01803e+05  0.00000e+00  0.00000e+00  0.00000e+00  0.00000e+00
1.22576e+01   4842.836426  1.06355e+05  0.00000e+00  0.00000e+00  0.00000e+00  0.00000e+00
1.39803e+01   5075.184570  1.22138e+05  0.00000e+00  0.00000e+00  0.00000e+00  0.00000e+00
1.59030e+01   5234.934082  1.34713e+05  0.00000e+00  0.00000e+00  0.00000e+00  0.00000e+00
1.81489e+01   5475.333496  1.50288e+05  0.00000e+00  0.00000e+00  0.00000e+00  0.00000e+00
2.04835e+01   5798.333984  1.65762e+05  0.00000e+00  0.00000e+00  0.00000e+00  0.00000e+00
2.24027e+01   6264.112793  1.83605e+05  0.00000e+00  0.00000e+00  0.00000e+00  0.00000e+00
2.36617e+01   6738.151367  1.95716e+05  0.00000e+00  0.00000e+00  0.00000e+00  0.00000e+00
2.46713e+01   7136.150879  2.00545e+05  0.00000e+00  0.00000e+00  0.00000e+00  0.00000e+00
2.56976e+01   7221.826172  2.00283e+05  0.00000e+00  0.00000e+00  0.00000e+00  0.00000e+00
2.60224e+01   7003.730957  2.00258e+05  0.00000e+00  0.00000e+00  0.00000e+00  0.00000e+00
2.64676e+01   6656.010742  2.00683e+05  0.00000e+00  0.00000e+00  0.00000e+00  0.00000e+00
2.69168e+01   6386.395020  1.90631e+05  0.00000e+00  0.00000e+00  0.00000e+00  0.00000e+00
2.71894e+01   6013.708496  1.80793e+05  0.00000e+00  0.00000e+00  0.00000e+00  0.00000e+00
2.72010e+01   6001.832520  1.80509e+05  0.00000e+00  0.00000e+00  0.00000e+00  0.00000e+00
