1
1 131
2.14119e-07   3681.748291  1.33152e+00  0.00000e+00  0.00000e+00  0.00000e+00  0.00000e+00
9.20248e-07   3747.184326  1.51013e+00  0.00000e+00  0.00000e+00  0.00000e+00  0.00000e+00
1.86357e-06   3828.776855  1.73685e+00  0.00000e+00  0.00000e+00  0.00000e+00  0.00000e+00
3.18878e-06   3929.696777  2.02127e+00  0.00000e+00  0.00000e+00  0.00000e+00  0.00000e+00
5.00941e-06   4051.196533  2.37107e+00  0.00000e+00  0.00000e+00  0.00000e+00  0.00000e+00
7.21432e-06   4191.312988  2.78853e+00  0.00000e+00  0.00000e+00  0.00000e+00  0.00000e+00
8.92305e-06   4301.521484  3.17628e+00  0.00000e+00  0.00000e+00  0.00000e+00  0.00000e+00
1.02228e-05   4359.415527  3.49032e+00  0.00000e+00  0.00000e+00  0.00000e+00  0.00000e+00
1.23030e-05   4429.428223  3.87617e+00  0.00000e+00  0.00000e+00  0.00000e+00  0.00000e+00
1.50611e-05   4510.763672  4.33593e+00  0.00000e+00  0.00000e+00  0.00000e+00  0.00000e+00
1.85630e-05   4598.939941  4.85705e+00  0.00000e+00  0.00000e+00  0.00000e+00  0.00000e+00
2.25097e-05   4682.083008  5.39639e+00  0.00000e+00  0.00000e+00  0.00000e+00  0.00000e+00
2.63173e-05   4727.266602  5.78273e+00  0.00000e+00  0.00000e+00  0.00000e+00  0.00000e+00
3.14790e-05   4759.900391  6.16285e+00  0.00000e+00  0.00000e+00  0.00000e+00  0.00000e+00
3.86049e-05   4777.838379  6.56708e+00  0.00000e+00  0.00000e+00  0.00000e+00  0.00000e+00
4.82068e-05   4763.197266  6.95926e+00  0.00000e+00  0.00000e+00  0.00000e+00  0.00000e+00
6.17486e-05   4718.476074  7.39399e+00  0.00000e+00  0.00000e+00  0.00000e+00  0.00000e+00
8.37800e-05   4587.851562  7.58331e+00  0.00000e+00  0.00000e+00  0.00000e+00  0.00000e+00
1.37182e-04   4221.256348  6.77373e+00  0.00000e+00  0.00000e+00  0.00000e+00  0.00000e+00
2.46174e-04   3598.414062  5.10962e+00  0.00000e+00  0.00000e+00  0.00000e+00  0.00000e+00
2.60787e-04   3477.310791  4.83446e+00  0.00000e+00  0.00000e+00  0.00000e+00  0.00000e+00
2.84514e-04   3534.694336  5.52129e+00  0.00000e+00  0.00000e+00  0.00000e+00  0.00000e+00
3.17614e-04   3606.994629  6.33738e+00  0.00000e+00  0.00000e+00  0.00000e+00  0.00000e+00
3.93360e-04   3884.580811  8.99275e+00  0.00000e+00  0.00000e+00  0.00000e+00  0.00000e+00
4.63722e-04   3741.669922  8.51201e+00  0.00000e+00  0.00000e+00  0.00000e+00  0.00000e+00
5.36332e-04   3150.317383  5.26803e+00  0.00000e+00  0.00000e+00  0.00000e+00  0.00000e+00
5.65472e-04   3093.761230  5.21652e+00  0.00000e+00  0.00000e+00  0.00000e+00  0.00000e+00
6.81999e-04   3028.467285  6.28858e+00  0.00000e+00  0.00000e+00  0.00000e+00  0.00000e+00
7.05007e-04   2965.799072  6.26647e+00  0.00000e+00  0.00000e+00  0.00000e+00  0.00000e+00
7.39900e-04   2943.899170  6.73727e+00  0.00000e+00  0.00000e+00  0.00000e+00  0.00000e+00
7.79043e-04   2937.984375  7.41677e+00  0.00000e+00  0.00000e+00  0.00000e+00  0.00000e+00
8.24817e-04   3039.322998  9.15902e+00  0.00000e+00  0.00000e+00  0.00000e+00  0.00000e+00
8.91103e-04   3167.406250  1.13019e+01  0.00000e+00  0.00000e+00  0.00000e+00  0.00000e+00
1.06923e-03   3446.463867  1.59967e+01  0.00000e+00  0.00000e+00  0.00000e+00  0.00000e+00
1.31857e-03   3073.503174  1.47354e+01  0.00000e+00  0.00000e+00  0.00000e+00  0.00000e+00
1.37088e-03   3023.731445  1.48570e+01  0.00000e+00  0.00000e+00  0.00000e+00  0.00000e+00
1.44699e-03   2984.977783  1.49885e+01  0.00000e+00  0.00000e+00  0.00000e+00  0.00000e+00
1.52519e-03   2987.484131  1.53653e+01  0.00000e+00  0.00000e+00  0.00000e+00  0.00000e+00
1.60684e-03   3010.464355  1.60936e+01  0.00000e+00  0.00000e+00  0.00000e+00  0.00000e+00
1.69356e-03   3082.888672  1.76653e+01  0.00000e+00  0.00000e+00  0.00000e+00  0.00000e+00
1.78561e-03   3118.805176  1.90211e+01  0.00000e+00  0.00000e+00  0.00000e+00  0.00000e+00
1.91049e-03   3093.848145  1.97492e+01  0.00000e+00  0.00000e+00  0.00000e+00  0.00000e+00
2.22883e-03   2986.497803  2.17422e+01  0.00000e+00  0.00000e+00  0.00000e+00  0.00000e+00
2.33972e-03   3014.195068  2.34417e+01  0.00000e+00  0.00000e+00  0.00000e+00  0.00000e+00
2.59040e-03   3077.787109  2.62777e+01  0.00000e+00  0.00000e+00  0.00000e+00  0.00000e+00
2.69655e-03   3004.485596  2.55538e+01  0.00000e+00  0.00000e+00  0.00000e+00  0.00000e+00
2.87009e-03   2886.415771  2.37106e+01  0.00000e+00  0.00000e+00  0.00000e+00  0.00000e+00
3.53991e-03   2746.924561  2.55132e+01  0.00000e+00  0.00000e+00  0.00000e+00  0.00000e+00
3.63573e-03   2710.074951  2.55272e+01  0.00000e+00  0.00000e+00  0.00000e+00  0.00000e+00
3.78216e-03   2684.859863  2.59191e+01  0.00000e+00  0.00000e+00  0.00000e+00  0.00000e+00
3.93447e-03   2664.834229  2.65107e+01  0.00000e+00  0.00000e+00  0.00000e+00  0.00000e+00
4.09635e-03   2685.333496  2.86636e+01  0.00000e+00  0.00000e+00  0.00000e+00  0.00000e+00
4.35825e-03   2704.369141  3.09732e+01  0.00000e+00  0.00000e+00  0.00000e+00  0.00000e+00
5.79627e-03   2613.990967  4.11179e+01  0.00000e+00  0.00000e+00  0.00000e+00  0.00000e+00
6.03191e-03   2610.809082  4.01297e+01  0.00000e+00  0.00000e+00  0.00000e+00  0.00000e+00
6.32784e-03   2674.104004  3.99799e+01  0.00000e+00  0.00000e+00  0.00000e+00  0.00000e+00
8.41652e-03   2625.512451  4.42459e+01  0.00000e+00  0.00000e+00  0.00000e+00  0.00000e+00
9.23888e-03   2584.360352  4.76466e+01  0.00000e+00  0.00000e+00  0.00000e+00  0.00000e+00
1.01350e-02   2674.929443  6.05239e+01  0.00000e+00  0.00000e+00  0.00000e+00  0.00000e+00
1.03765e-02   2677.050781  5.95313e+01  0.00000e+00  0.00000e+00  0.00000e+00  0.00000e+00
1.07117e-02   2667.311279  5.90758e+01  0.00000e+00  0.00000e+00  0.00000e+00  0.00000e+00
1.10406e-02   2616.793457  5.55937e+01  0.00000e+00  0.00000e+00  0.00000e+00  0.00000e+00
1.13717e-02   2594.516113  5.48007e+01  0.00000e+00  0.00000e+00  0.00000e+00  0.00000e+00
1.17163e-02   2617.675293  5.89690e+01  0.00000e+00  0.00000e+00  0.00000e+00  0.00000e+00
1.21327e-02   2642.827393  6.20689e+01  0.00000e+00  0.00000e+00  0.00000e+00  0.00000e+00
1.28479e-02   2662.052734  6.25677e+01  0.00000e+00  0.00000e+00  0.00000e+00  0.00000e+00
1.33219e-02   2615.871094  5.91437e+01  0.00000e+00  0.00000e+00  0.00000e+00  0.00000e+00
1.73927e-02   2681.528564  8.14439e+01  0.00000e+00  0.00000e+00  0.00000e+00  0.00000e+00
2.02395e-02   2690.162842  9.65932e+01  0.00000e+00  0.00000e+00  0.00000e+00  0.00000e+00
2.45407e-02   2707.512451  1.13138e+02  0.00000e+00  0.00000e+00  0.00000e+00  0.00000e+00
3.16214e-02   2803.166748  1.50540e+02  0.00000e+00  0.00000e+00  0.00000e+00  0.00000e+00
4.13066e-02   2886.420410  2.25308e+02  0.00000e+00  0.00000e+00  0.00000e+00  0.00000e+00
5.20594e-02   2947.409424  3.07634e+02  0.00000e+00  0.00000e+00  0.00000e+00  0.00000e+00
6.55778e-02   2993.209717  3.65220e+02  0.00000e+00  0.00000e+00  0.00000e+00  0.00000e+00
8.22768e-02   3047.666748  4.53474e+02  0.00000e+00  0.00000e+00  0.00000e+00  0.00000e+00
9.41043e-02   3316.525879  7.58071e+02  0.00000e+00  0.00000e+00  0.00000e+00  0.00000e+00
1.00256e-01   3552.551270  9.73489e+02  0.00000e+00  0.00000e+00  0.00000e+00  0.00000e+00
1.05358e-01   3726.742676  1.13282e+03  0.00000e+00  0.00000e+00  0.00000e+00  0.00000e+00
1.10667e-01   3834.326904  1.24414e+03  0.00000e+00  0.00000e+00  0.00000e+00  0.00000e+00
1.16794e-01   3900.644043  1.33336e+03  0.00000e+00  0.00000e+00  0.00000e+00  0.00000e+00
1.23976e-01   3961.665771  1.43985e+03  0.00000e+00  0.00000e+00  0.00000e+00  0.00000e+00
1.32588e-01   3995.060303  1.54932e+03  0.00000e+00  0.00000e+00  0.00000e+00  0.00000e+00
1.44245e-01   3944.208496  1.59588e+03  0.00000e+00  0.00000e+00  0.00000e+00  0.00000e+00
1.60697e-01   3897.307617  1.67151e+03  0.00000e+00  0.00000e+00  0.00000e+00  0.00000e+00
1.80485e-01   3920.593262  1.87371e+03  0.00000e+00  0.00000e+00  0.00000e+00  0.00000e+00
2.01777e-01   3990.753174  2.22101e+03  0.00000e+00  0.00000e+00  0.00000e+00  0.00000e+00
2.25038e-01   4028.626953  2.57951e+03  0.00000e+00  0.00000e+00  0.00000e+00  0.00000e+00
2.54822e-01   3988.987061  2.83998e+03  0.00000e+00  0.00000e+00  0.00000e+00  0.00000e+00
2.96516e-01   3935.825439  3.14414e+03  0.00000e+00  0.00000e+00  0.00000e+00  0.00000e+00
3.50876e-01   3903.113037  3.55734e+03  0.00000e+00  0.00000e+00  0.00000e+00  0.00000e+00
4.48183e-01   3725.222656  3.85713e+03  0.00000e+00  0.00000e+00  0.00000e+00  0.00000e+00
6.18168e-01   3553.011230  4.53471e+03  0.00000e+00  0.00000e+00  0.00000e+00  0.00000e+00
8.55930e-01   3527.166748  5.81659e+03  0.00000e+00  0.00000e+00  0.00000e+00  0.00000e+00
1.04437e+00   3805.391602  8.75760e+03  0.00000e+00  0.00000e+00  0.00000e+00  0.00000e+00
1.06588e+00   3801.173096  9.00639e+03  0.00000e+00  0.00000e+00  0.00000e+00  0.00000e+00
1.11014e+00   3750.874268  9.29453e+03  0.00000e+00  0.00000e+00  0.00000e+00  0.00000e+00
1.18963e+00   3669.133057  9.83660e+03  0.00000e+00  0.00000e+00  0.00000e+00  0.00000e+00
1.24187e+00   3663.403564  1.01590e+04  0.00000e+00  0.00000e+00  0.00000e+00  0.00000e+00
1.54639e+00   3889.556885  1.28716e+04  0.00000e+00  0.00000e+00  0.00000e+00  0.00000e+00
1.69535e+00   4019.741699  1.55603e+04  0.00000e+00  0.00000e+00  0.00000e+00  0.00000e+00
1.84393e+00   4169.385254  1.78516e+04  0.00000e+00  0.00000e+00  0.00000e+00  0.00000e+00
1.99114e+00   4382.443359  1.96121e+04  0.00000e+00  0.00000e+00  0.00000e+00  0.00000e+00
2.15473e+00   4556.772461  2.08766e+04  0.00000e+00  0.00000e+00  0.00000e+00  0.00000e+00
2.34963e+00   4714.408203  2.26736e+04  0.00000e+00  0.00000e+00  0.00000e+00  0.00000e+00
2.57570e+00   4903.007812  2.52875e+04  0.00000e+00  0.00000e+00  0.00000e+00  0.00000e+00
2.85744e+00   4965.687500  2.64908e+04  0.00000e+00  0.00000e+00  0.00000e+00  0.00000e+00
3.21942e+00   5157.290527  3.04981e+04  0.00000e+00  0.00000e+00  0.00000e+00  0.00000e+00
3.63146e+00   4669.086426  3.52385e+04  0.00000e+00  0.00000e+00  0.00000e+00  0.00000e+00
4.19002e+00   4518.273926  3.98695e+04  0.00000e+00  0.00000e+00  0.00000e+00  0.00000e+00
4.84767e+00   4556.902344  4.61020e+04  0.00000e+00  0.00000e+00  0.00000e+00  0.00000e+00
5.61358e+00   4573.328613  5.22306e+04  0.00000e+00  0.00000e+00  0.00000e+00  0.00000e+00
6.54524e+00   4581.463379  5.83580e+04  0.00000e+00  0.00000e+00  0.00000e+00  0.00000e+00
7.64995e+00   4621.285156  6.51282e+04  0.00000e+00  0.00000e+00  0.00000e+00  0.00000e+00
8.92270e+00   4718.880371  7.15757e+04  0.00000e+00  0.00000e+00  0.00000e+00  0.00000e+00
1.02978e+01   4971.850586  8.50094e+04  0.00000e+00  0.00000e+00  0.00000e+00  0.00000e+00
1.16702e+01   5266.913086  1.07708e+05  0.00000e+00  0.00000e+00  0.00000e+00  0.00000e+00
1.31661e+01   5376.750488  1.24812e+05  0.00000e+00  0.00000e+00  0.00000e+00  0.00000e+00
1.50465e+01   5419.255371  1.29754e+05  0.00000e+00  0.00000e+00  0.00000e+00  0.00000e+00
1.80320e+01   5444.934082  1.15620e+05  0.00000e+00  0.00000e+00  0.00000e+00  0.00000e+00
2.19037e+01   5698.941895  1.67208e+05  0.00000e+00  0.00000e+00  0.00000e+00  0.00000e+00
2.21498e+01   5703.960938  1.66348e+05  0.00000e+00  0.00000e+00  0.00000e+00  0.00000e+00
2.26522e+01   5771.115234  1.64801e+05  0.00000e+00  0.00000e+00  0.00000e+00  0.00000e+00
2.35173e+01   6109.946289  1.75926e+05  0.00000e+00  0.00000e+00  0.00000e+00  0.00000e+00
2.40193e+01   6185.465820  1.84550e+05  0.00000e+00  0.00000e+00  0.00000e+00  0.00000e+00
2.54655e+01   6044.106445  2.02426e+05  0.00000e+00  0.00000e+00  0.00000e+00  0.00000e+00
2.58483e+01   6063.177246  2.06451e+05  0.00000e+00  0.00000e+00  0.00000e+00  0.00000e+00
2.63756e+01   6074.592285  2.09216e+05  0.00000e+00  0.00000e+00  0.00000e+00  0.00000e+00
2.69486e+01   6204.293945  2.36050e+05  0.00000e+00  0.00000e+00  0.00000e+00  0.00000e+00
2.77841e+01   6439.860840  2.75354e+05  0.00000e+00  0.00000e+00  0.00000e+00  0.00000e+00
3.05974e+01   6640.889648  3.38161e+05  0.00000e+00  0.00000e+00  0.00000e+00  0.00000e+00
3.23733e+01   6746.245605  3.65693e+05  0.00000e+00  0.00000e+00  0.00000e+00  0.00000e+00
