        1213
   8.97665977478027     
   9.19999980926514     
   9.50000000000000     
   9.71730041503906     
   9.81589984893799     
   10.1090097427368     
   10.3000001907349     
   10.4645099639893     
   10.6499996185303     
   10.8854503631592     
   11.1999998092651     
   11.6000003814697     
   11.9556198120117     
   12.3000001907349     
   12.6656503677368     
   12.7467603683472     
   12.9350404739380     
   13.1603298187256     
   13.3172302246094     
   13.4670000076294     
   13.8625297546387     
   14.1046199798584     
   14.5478200912476     
   14.8999996185303     
   15.3000001907349     
   15.7487401962280     
   16.0034599304199     
   16.3999996185303     
   16.7999992370605     
   17.2508792877197     
   17.4325809478760     
   17.9365997314453     
   18.1011390686035     
   18.2443809509277     
   18.9779605865479     
   19.2242202758789     
   19.5509796142578     
   20.1198692321777     
   20.2359199523926     
   20.7999992370605     
   21.2999992370605     
   21.9478302001953     
   22.0198307037354     
   22.5806999206543     
   22.7837696075439     
   23.2000007629395     
   23.6522102355957     
   24.2999992370605     
   25.0074405670166     
   25.4661407470703     
   25.8923892974854     
   26.1431598663330     
   26.6000003814697     
   27.1000003814697     
   27.6000003814697     
   28.0926303863525     
   28.6587104797363     
   29.2999992370605     
   29.9584903717041     
   30.2625999450684     
   31.2999992370605     
   32.2999992370605     
   33.2999992370605     
   34.2999992370605     
   35.2793083190918     
   36.1409988403320     
   37.0000000000000     
   38.0159988403320     
   38.9664192199707     
   40.0000000000000     
   41.0000000000000     
   41.8799209594727     
   42.5000000000000     
   43.5000000000000     
   44.7326011657715     
   45.5000000000000     
   46.5000000000000     
   47.5000000000000     
   48.5017814636230     
   49.5000000000000     
   50.4258995056152     
   50.8763008117676     
   51.5000000000000     
   52.5000000000000     
   53.5000000000000     
   54.5000000000000     
   55.5000000000000     
   56.5000000000000     
   57.4061393737793     
   58.5000000000000     
   59.5000000000000     
   60.5000000000000     
   61.5000000000000     
   62.5000000000000     
   63.5000000000000     
   64.5000000000000     
   65.5378570556641     
   66.0000000000000     
   67.0000000000000     
   68.0000000000000     
   69.0000000000000     
   70.0000000000000     
   71.0000000000000     
   72.2401123046875     
   73.0000000000000     
   74.0000000000000     
   75.0000000000000     
   76.0000000000000     
   77.0000000000000     
   78.0000000000000     
   79.0000000000000     
   80.0000000000000     
   81.0000000000000     
   82.0000000000000     
   83.0000000000000     
   84.0000000000000     
   85.0000000000000     
   86.0000000000000     
   87.0000000000000     
   88.0000000000000     
   89.0000000000000     
   90.0000000000000     
   91.1753463745117     
   92.0000000000000     
   93.0000000000000     
   94.0000000000000     
   95.0000000000000     
   96.0000000000000     
   97.0000000000000     
   98.0000000000000     
   99.0000000000000     
   100.000000000000     
   101.000000000000     
   102.000000000000     
   103.000000000000     
   104.000000000000     
   105.000000000000     
   106.000000000000     
   107.000000000000     
   108.000000000000     
   109.000000000000     
   110.030563354492     
   111.000000000000     
   112.000000000000     
   113.000000000000     
   114.000000000000     
   115.000000000000     
   116.000000000000     
   117.000000000000     
   118.000000000000     
   119.000000000000     
   120.000000000000     
   121.000000000000     
   122.000000000000     
   123.000000000000     
   123.929283142090     
   125.000000000000     
   126.000000000000     
   127.000000000000     
   128.000000000000     
   129.000000000000     
   130.000000000000     
   131.000000000000     
   132.000000000000     
   133.000000000000     
   134.000000000000     
   135.000000000000     
   136.000000000000     
   137.000000000000     
   138.000000000000     
   139.000000000000     
   140.000000000000     
   141.000000000000     
   142.000000000000     
   143.000000000000     
   144.000000000000     
   144.433914184570     
   145.000000000000     
   146.000000000000     
   147.000000000000     
   148.000000000000     
   149.000000000000     
   150.000000000000     
   151.000000000000     
   151.434844970703     
   152.000000000000     
   153.000000000000     
   154.000000000000     
   155.000000000000     
   156.000000000000     
   157.000000000000     
   158.000000000000     
   159.000000000000     
   160.000000000000     
   161.000000000000     
   162.150726318359     
   163.000000000000     
   164.000000000000     
   165.000000000000     
   166.000000000000     
   167.000000000000     
   167.402816772461     
   168.000000000000     
   169.000000000000     
   170.000000000000     
   171.000000000000     
   172.000000000000     
   173.000000000000     
   174.000000000000     
   175.000000000000     
   176.000000000000     
   177.000000000000     
   178.000000000000     
   179.000000000000     
   180.000000000000     
   181.000000000000     
   182.000000000000     
   183.000000000000     
   184.000000000000     
   185.000000000000     
   186.000000000000     
   187.000000000000     
   188.000000000000     
   189.000000000000     
   190.000000000000     
   191.000000000000     
   192.000000000000     
   193.000000000000     
   194.000000000000     
   195.000000000000     
   196.000000000000     
   197.469894409180     
   197.811492919922     
   199.000000000000     
   200.000000000000     
   201.000000000000     
   202.000000000000     
   203.000000000000     
   204.000000000000     
   205.000000000000     
   206.000000000000     
   207.132095336914     
   207.613998413086     
   208.000000000000     
   209.000000000000     
   210.000000000000     
   211.000000000000     
   212.000000000000     
   213.000000000000     
   214.000000000000     
   215.000000000000     
   216.000000000000     
   217.000000000000     
   218.000000000000     
   219.000000000000     
   220.000000000000     
   221.000000000000     
   222.000000000000     
   223.000000000000     
   224.000000000000     
   225.000000000000     
   226.000000000000     
   227.000000000000     
   228.000000000000     
   229.000000000000     
   230.000000000000     
   231.000000000000     
   232.000000000000     
   233.000000000000     
   234.000000000000     
   235.000000000000     
   236.000000000000     
   237.000000000000     
   238.000000000000     
   239.000000000000     
   240.000000000000     
   241.000000000000     
   242.000000000000     
   243.000000000000     
   244.000000000000     
   245.000000000000     
   246.000000000000     
   247.000000000000     
   248.000000000000     
   249.000000000000     
   250.000000000000     
   251.126205444336     
   251.510055541992     
   252.000000000000     
   253.000000000000     
   254.000000000000     
   255.000000000000     
   256.000000000000     
   257.000000000000     
   258.000000000000     
   259.000000000000     
   260.000000000000     
   261.000000000000     
   262.000000000000     
   263.000000000000     
   264.000000000000     
   265.000000000000     
   266.000000000000     
   267.000000000000     
   268.000000000000     
   269.000000000000     
   270.000000000000     
   271.000000000000     
   272.000000000000     
   273.000000000000     
   274.000000000000     
   275.000000000000     
   276.000000000000     
   277.000000000000     
   278.000000000000     
   279.000000000000     
   280.000000000000     
   281.000000000000     
   282.000000000000     
   283.000000000000     
   284.000000000000     
   285.000000000000     
   286.000000000000     
   287.000000000000     
   288.000000000000     
   289.000000000000     
   290.000000000000     
   292.000000000000     
   294.000000000000     
   296.000000000000     
   298.000000000000     
   300.000000000000     
   302.000000000000     
   304.000000000000     
   306.000000000000     
   308.000000000000     
   310.000000000000     
   312.000000000000     
   314.000000000000     
   316.000000000000     
   318.000000000000     
   320.000000000000     
   322.000000000000     
   324.000000000000     
   326.000000000000     
   328.000000000000     
   330.000000000000     
   332.000000000000     
   334.000000000000     
   336.000000000000     
   338.000000000000     
   340.000000000000     
   342.000000000000     
   344.000000000000     
   346.000000000000     
   348.000000000000     
   350.000000000000     
   352.000000000000     
   354.000000000000     
   356.000000000000     
   358.000000000000     
   360.000000000000     
   362.000000000000     
   364.000000000000     
   364.701843261719     
   366.000000000000     
   368.000000000000     
   370.000000000000     
   372.000000000000     
   374.000000000000     
   376.000000000000     
   378.000000000000     
   380.000000000000     
   382.000000000000     
   384.000000000000     
   386.000000000000     
   388.000000000000     
   390.000000000000     
   392.000000000000     
   394.000000000000     
   396.000000000000     
   398.000000000000     
   400.000000000000     
   402.000000000000     
   404.000000000000     
   406.000000000000     
   408.000000000000     
   410.000000000000     
   412.000000000000     
   414.000000000000     
   416.000000000000     
   418.000000000000     
   420.000000000000     
   422.000000000000     
   424.000000000000     
   426.000000000000     
   428.000000000000     
   430.000000000000     
   432.000000000000     
   434.000000000000     
   436.000000000000     
   438.000000000000     
   440.000000000000     
   442.000000000000     
   444.000000000000     
   446.000000000000     
   448.000000000000     
   450.000000000000     
   452.000000000000     
   454.000000000000     
   456.000000000000     
   458.000000000000     
   460.000000000000     
   462.000000000000     
   464.000000000000     
   466.000000000000     
   468.000000000000     
   470.000000000000     
   472.000000000000     
   474.000000000000     
   476.000000000000     
   478.000000000000     
   480.000000000000     
   482.000000000000     
   484.000000000000     
   486.000000000000     
   488.000000000000     
   490.000000000000     
   492.000000000000     
   494.000000000000     
   496.000000000000     
   498.000000000000     
   500.000000000000     
   502.000000000000     
   504.000000000000     
   506.000000000000     
   508.000000000000     
   510.000000000000     
   512.000000000000     
   514.000000000000     
   516.000000000000     
   518.000000000000     
   520.000000000000     
   522.000000000000     
   524.000000000000     
   526.000000000000     
   528.000000000000     
   530.000000000000     
   532.000000000000     
   534.000000000000     
   536.000000000000     
   538.000000000000     
   540.000000000000     
   542.000000000000     
   544.000000000000     
   546.000000000000     
   548.000000000000     
   550.000000000000     
   552.000000000000     
   554.000000000000     
   556.000000000000     
   558.000000000000     
   560.000000000000     
   562.000000000000     
   564.000000000000     
   566.000000000000     
   568.000000000000     
   570.000000000000     
   572.000000000000     
   574.000000000000     
   576.000000000000     
   578.000000000000     
   580.000000000000     
   582.000000000000     
   584.000000000000     
   586.000000000000     
   588.000000000000     
   590.000000000000     
   592.000000000000     
   594.000000000000     
   596.000000000000     
   598.000000000000     
   600.000000000000     
   602.000000000000     
   604.000000000000     
   606.000000000000     
   608.000000000000     
   610.000000000000     
   612.000000000000     
   614.000000000000     
   616.000000000000     
   618.000000000000     
   620.000000000000     
   622.000000000000     
   624.000000000000     
   626.000000000000     
   628.000000000000     
   630.000000000000     
   632.000000000000     
   634.000000000000     
   636.000000000000     
   638.000000000000     
   640.000000000000     
   642.000000000000     
   644.000000000000     
   646.000000000000     
   648.000000000000     
   650.000000000000     
   652.000000000000     
   654.000000000000     
   656.000000000000     
   658.000000000000     
   660.000000000000     
   662.000000000000     
   664.000000000000     
   666.000000000000     
   668.000000000000     
   670.000000000000     
   672.000000000000     
   674.000000000000     
   676.000000000000     
   678.000000000000     
   680.000000000000     
   682.000000000000     
   684.000000000000     
   686.000000000000     
   688.000000000000     
   690.000000000000     
   692.000000000000     
   694.000000000000     
   696.000000000000     
   698.000000000000     
   700.000000000000     
   702.000000000000     
   704.000000000000     
   706.000000000000     
   708.000000000000     
   710.000000000000     
   712.000000000000     
   714.000000000000     
   716.000000000000     
   718.000000000000     
   720.000000000000     
   722.000000000000     
   724.000000000000     
   726.000000000000     
   728.000000000000     
   730.000000000000     
   732.000000000000     
   734.000000000000     
   736.000000000000     
   738.000000000000     
   740.000000000000     
   742.000000000000     
   744.000000000000     
   746.000000000000     
   748.000000000000     
   750.000000000000     
   752.000000000000     
   754.000000000000     
   756.000000000000     
   758.000000000000     
   760.000000000000     
   762.000000000000     
   764.000000000000     
   766.000000000000     
   768.000000000000     
   770.000000000000     
   772.000000000000     
   774.000000000000     
   776.000000000000     
   778.000000000000     
   780.000000000000     
   782.000000000000     
   784.000000000000     
   786.000000000000     
   788.000000000000     
   790.000000000000     
   792.000000000000     
   794.000000000000     
   796.000000000000     
   798.000000000000     
   800.000000000000     
   802.000000000000     
   804.000000000000     
   806.000000000000     
   808.000000000000     
   810.000000000000     
   812.000000000000     
   814.000000000000     
   816.000000000000     
   818.000000000000     
   820.582702636719     
   822.000000000000     
   824.000000000000     
   826.000000000000     
   828.000000000000     
   830.000000000000     
   832.000000000000     
   834.000000000000     
   836.000000000000     
   838.000000000000     
   840.000000000000     
   842.000000000000     
   844.000000000000     
   846.000000000000     
   848.000000000000     
   850.000000000000     
   852.000000000000     
   854.000000000000     
   856.000000000000     
   858.000000000000     
   860.000000000000     
   862.000000000000     
   864.000000000000     
   866.000000000000     
   868.000000000000     
   870.000000000000     
   872.000000000000     
   874.000000000000     
   876.000000000000     
   878.000000000000     
   880.000000000000     
   882.000000000000     
   884.000000000000     
   886.000000000000     
   888.000000000000     
   890.000000000000     
   892.000000000000     
   894.000000000000     
   896.000000000000     
   898.000000000000     
   900.000000000000     
   902.000000000000     
   904.000000000000     
   906.000000000000     
   908.000000000000     
   910.000000000000     
   912.000000000000     
   914.000000000000     
   916.000000000000     
   918.000000000000     
   920.000000000000     
   922.000000000000     
   924.000000000000     
   926.000000000000     
   928.000000000000     
   930.000000000000     
   932.000000000000     
   934.000000000000     
   936.000000000000     
   938.000000000000     
   940.000000000000     
   942.000000000000     
   944.000000000000     
   946.000000000000     
   948.000000000000     
   950.000000000000     
   952.000000000000     
   954.000000000000     
   956.000000000000     
   958.000000000000     
   960.000000000000     
   962.000000000000     
   964.000000000000     
   966.000000000000     
   968.000000000000     
   970.000000000000     
   972.000000000000     
   974.000000000000     
   976.000000000000     
   978.000000000000     
   980.000000000000     
   982.000000000000     
   984.000000000000     
   986.000000000000     
   988.000000000000     
   990.000000000000     
   992.000000000000     
   994.000000000000     
   996.000000000000     
   998.000000000000     
   1000.00000000000     
   1005.00000000000     
   1010.00000000000     
   1015.00000000000     
   1020.00000000000     
   1025.00000000000     
   1030.00000000000     
   1035.00000000000     
   1040.00000000000     
   1045.00000000000     
   1050.00000000000     
   1055.00000000000     
   1060.00000000000     
   1065.00000000000     
   1070.00000000000     
   1075.00000000000     
   1080.00000000000     
   1085.00000000000     
   1090.00000000000     
   1095.00000000000     
   1100.00000000000     
   1105.00000000000     
   1110.00000000000     
   1115.00000000000     
   1120.00000000000     
   1125.00000000000     
   1130.00000000000     
   1135.00000000000     
   1140.00000000000     
   1145.00000000000     
   1150.00000000000     
   1155.00000000000     
   1160.00000000000     
   1165.00000000000     
   1170.00000000000     
   1175.00000000000     
   1180.00000000000     
   1185.00000000000     
   1190.00000000000     
   1195.00000000000     
   1200.00000000000     
   1205.00000000000     
   1210.00000000000     
   1215.00000000000     
   1220.00000000000     
   1225.00000000000     
   1230.00000000000     
   1235.00000000000     
   1240.00000000000     
   1245.00000000000     
   1250.00000000000     
   1255.00000000000     
   1260.00000000000     
   1265.00000000000     
   1270.00000000000     
   1275.00000000000     
   1280.00000000000     
   1285.00000000000     
   1290.00000000000     
   1295.00000000000     
   1300.00000000000     
   1305.00000000000     
   1310.00000000000     
   1315.00000000000     
   1320.00000000000     
   1325.00000000000     
   1330.00000000000     
   1335.00000000000     
   1340.00000000000     
   1345.00000000000     
   1350.00000000000     
   1355.00000000000     
   1360.00000000000     
   1365.00000000000     
   1370.00000000000     
   1375.00000000000     
   1380.00000000000     
   1385.00000000000     
   1390.00000000000     
   1395.00000000000     
   1400.00000000000     
   1405.00000000000     
   1410.00000000000     
   1415.00000000000     
   1420.00000000000     
   1425.00000000000     
   1430.00000000000     
   1435.00000000000     
   1440.00000000000     
   1445.00000000000     
   1450.00000000000     
   1455.00000000000     
   1458.81665039062     
   1465.00000000000     
   1470.00000000000     
   1475.00000000000     
   1480.00000000000     
   1485.00000000000     
   1490.00000000000     
   1495.00000000000     
   1500.00000000000     
   1505.00000000000     
   1510.00000000000     
   1515.00000000000     
   1520.00000000000     
   1525.00000000000     
   1530.00000000000     
   1535.00000000000     
   1540.00000000000     
   1545.00000000000     
   1550.00000000000     
   1555.00000000000     
   1560.00000000000     
   1565.00000000000     
   1570.00000000000     
   1575.00000000000     
   1580.00000000000     
   1585.00000000000     
   1590.00000000000     
   1595.00000000000     
   1600.00000000000     
   1610.00000000000     
   1620.00000000000     
   1630.00000000000     
   1640.00000000000     
   1650.00000000000     
   1660.00000000000     
   1670.00000000000     
   1680.00000000000     
   1690.00000000000     
   1700.00000000000     
   1710.00000000000     
   1720.00000000000     
   1730.00000000000     
   1740.00000000000     
   1750.00000000000     
   1760.00000000000     
   1770.00000000000     
   1780.00000000000     
   1790.00000000000     
   1800.00000000000     
   1810.00000000000     
   1820.00000000000     
   1830.00000000000     
   1840.00000000000     
   1850.00000000000     
   1860.00000000000     
   1870.00000000000     
   1880.00000000000     
   1890.00000000000     
   1900.00000000000     
   1910.00000000000     
   1920.00000000000     
   1930.00000000000     
   1940.00000000000     
   1950.00000000000     
   1960.00000000000     
   1970.00000000000     
   1980.00000000000     
   1990.00000000000     
   2000.00000000000     
   2010.00000000000     
   2020.00000000000     
   2030.00000000000     
   2040.00000000000     
   2050.00000000000     
   2060.00000000000     
   2070.00000000000     
   2080.00000000000     
   2090.00000000000     
   2100.00000000000     
   2110.00000000000     
   2120.00000000000     
   2130.00000000000     
   2140.00000000000     
   2150.00000000000     
   2160.00000000000     
   2170.00000000000     
   2180.00000000000     
   2190.00000000000     
   2200.00000000000     
   2210.00000000000     
   2220.00000000000     
   2230.00000000000     
   2240.00000000000     
   2250.00000000000     
   2260.00000000000     
   2270.00000000000     
   2279.40332031250     
   2290.00000000000     
   2300.00000000000     
   2310.00000000000     
   2320.00000000000     
   2330.00000000000     
   2340.00000000000     
   2350.00000000000     
   2360.00000000000     
   2370.00000000000     
   2380.00000000000     
   2390.00000000000     
   2400.00000000000     
   2410.00000000000     
   2420.00000000000     
   2430.00000000000     
   2440.00000000000     
   2450.00000000000     
   2460.00000000000     
   2470.00000000000     
   2480.00000000000     
   2490.00000000000     
   2500.00000000000     
   2510.00000000000     
   2520.00000000000     
   2530.00000000000     
   2540.00000000000     
   2550.00000000000     
   2560.00000000000     
   2570.00000000000     
   2580.00000000000     
   2590.00000000000     
   2600.00000000000     
   2610.00000000000     
   2620.00000000000     
   2630.00000000000     
   2640.00000000000     
   2650.00000000000     
   2660.00000000000     
   2670.00000000000     
   2680.00000000000     
   2690.00000000000     
   2700.00000000000     
   2710.00000000000     
   2720.00000000000     
   2730.00000000000     
   2740.00000000000     
   2750.00000000000     
   2760.00000000000     
   2770.00000000000     
   2780.00000000000     
   2790.00000000000     
   2800.00000000000     
   2810.00000000000     
   2820.00000000000     
   2830.00000000000     
   2840.00000000000     
   2850.00000000000     
   2860.00000000000     
   2870.00000000000     
   2880.00000000000     
   2890.00000000000     
   2900.00000000000     
   2910.00000000000     
   2920.00000000000     
   2930.00000000000     
   2940.00000000000     
   2950.00000000000     
   2960.00000000000     
   2970.00000000000     
   2980.00000000000     
   2990.00000000000     
   3000.00000000000     
   3010.00000000000     
   3020.00000000000     
   3030.00000000000     
   3040.00000000000     
   3050.00000000000     
   3060.00000000000     
   3070.00000000000     
   3080.00000000000     
   3090.00000000000     
   3100.00000000000     
   3110.00000000000     
   3120.00000000000     
   3130.00000000000     
   3140.00000000000     
   3150.00000000000     
   3160.00000000000     
   3170.00000000000     
   3180.00000000000     
   3190.00000000000     
   3200.00000000000     
   3220.00000000000     
   3240.00000000000     
   3260.00000000000     
   3282.34814453125     
   3300.00000000000     
   3320.00000000000     
   3340.00000000000     
   3360.00000000000     
   3380.00000000000     
   3400.00000000000     
   3420.00000000000     
   3440.00000000000     
   3460.00000000000     
   3480.00000000000     
   3500.00000000000     
   3520.00000000000     
   3540.00000000000     
   3560.00000000000     
   3580.00000000000     
   3600.00000000000     
   3620.00000000000     
   3640.00000000000     
   3660.00000000000     
   3680.00000000000     
   3700.00000000000     
   3720.00000000000     
   3740.00000000000     
   3760.00000000000     
   3780.00000000000     
   3800.00000000000     
   3820.00000000000     
   3840.00000000000     
   3860.00000000000     
   3880.00000000000     
   3900.00000000000     
   3920.00000000000     
   3940.00000000000     
   3960.00000000000     
   3980.00000000000     
   4000.00000000000     
   4020.00000000000     
   4040.00000000000     
   4060.00000000000     
   4080.00000000000     
   4100.00000000000     
   4120.00000000000     
   4140.00000000000     
   4160.00000000000     
   4180.00000000000     
   4200.00000000000     
   4220.00000000000     
   4240.00000000000     
   4260.00000000000     
   4280.00000000000     
   4300.00000000000     
   4320.00000000000     
   4340.00000000000     
   4360.00000000000     
   4380.00000000000     
   4400.00000000000     
   4420.00000000000     
   4440.00000000000     
   4460.00000000000     
   4480.00000000000     
   4500.00000000000     
   4520.00000000000     
   4540.00000000000     
   4560.00000000000     
   4580.00000000000     
   4600.00000000000     
   4620.00000000000     
   4640.00000000000     
   4660.00000000000     
   4680.00000000000     
   4700.00000000000     
   4720.00000000000     
   4740.00000000000     
   4760.00000000000     
   4780.00000000000     
   4800.00000000000     
   4820.00000000000     
   4840.00000000000     
   4860.00000000000     
   4880.00000000000     
   4900.00000000000     
   4920.00000000000     
   4940.00000000000     
   4960.00000000000     
   4980.00000000000     
   5000.00000000000     
   5020.00000000000     
   5040.00000000000     
   5060.00000000000     
   5080.00000000000     
   5100.00000000000     
   5120.00000000000     
   5140.00000000000     
   5160.00000000000     
   5180.00000000000     
   5200.00000000000     
   5220.00000000000     
   5240.00000000000     
   5260.00000000000     
   5280.00000000000     
   5300.00000000000     
   5320.00000000000     
   5340.00000000000     
   5360.00000000000     
   5380.00000000000     
   5400.00000000000     
   5420.00000000000     
   5440.00000000000     
   5460.00000000000     
   5480.00000000000     
   5500.00000000000     
   5520.00000000000     
   5540.00000000000     
   5560.00000000000     
   5580.00000000000     
   5600.00000000000     
   5620.00000000000     
   5640.00000000000     
   5660.00000000000     
   5680.00000000000     
   5700.00000000000     
   5720.00000000000     
   5740.00000000000     
   5760.00000000000     
   5780.00000000000     
   5800.00000000000     
   5820.00000000000     
   5840.00000000000     
   5860.00000000000     
   5880.00000000000     
   5900.00000000000     
   5920.00000000000     
   5940.00000000000     
   5960.00000000000     
   5980.00000000000     
   6000.00000000000     
   6020.00000000000     
   6040.00000000000     
   6060.00000000000     
   6080.00000000000     
   6100.00000000000     
   6120.00000000000     
   6140.00000000000     
   6160.00000000000     
   6180.00000000000     
   6200.00000000000     
   6220.00000000000     
   6240.00000000000     
   6260.00000000000     
   6280.00000000000     
   6300.00000000000     
   6320.00000000000     
   6340.00000000000     
   6360.00000000000     
   6380.00000000000     
   6400.00000000000     
   6440.00000000000     
   6480.00000000000     
   6520.00000000000     
   6560.00000000000     
   6600.00000000000     
   6640.00000000000     
   6680.00000000000     
   6720.00000000000     
   6760.00000000000     
   6800.00000000000     
   6840.00000000000     
   6880.00000000000     
   6920.00000000000     
   6960.00000000000     
   7000.00000000000     
   7040.00000000000     
   7080.00000000000     
   7120.00000000000     
   7160.00000000000     
   7200.00000000000     
   7240.00000000000     
   7280.00000000000     
   7320.00000000000     
   7360.00000000000     
   7400.00000000000     
   7440.00000000000     
   7480.00000000000     
   7520.00000000000     
   7560.00000000000     
   7600.00000000000     
   7640.00000000000     
   7680.00000000000     
   7720.00000000000     
   7760.00000000000     
   7800.00000000000     
   7840.00000000000     
   7880.00000000000     
   7920.00000000000     
   7960.00000000000     
   8000.00000000000     
   8040.00000000000     
   8080.00000000000     
   8120.00000000000     
   8160.00000000000     
   8200.00000000000     
   8240.00000000000     
   8280.00000000000     
   8320.00000000000     
   8360.00000000000     
   8400.00000000000     
   8440.00000000000     
   8480.00000000000     
   8520.00000000000     
   8560.00000000000     
   8600.00000000000     
   8640.00000000000     
   8680.00000000000     
   8720.00000000000     
   8760.00000000000     
   8800.00000000000     
   8840.00000000000     
   8880.00000000000     
   8920.00000000000     
   8960.00000000000     
   9000.00000000000     
   9040.00000000000     
   9080.00000000000     
   9120.00000000000     
   9160.00000000000     
   9200.00000000000     
   9240.00000000000     
   9280.00000000000     
   9320.00000000000     
   9360.00000000000     
   9400.00000000000     
   9440.00000000000     
   9480.00000000000     
   9520.00000000000     
   9560.00000000000     
   9600.00000000000     
   9640.00000000000     
   9680.00000000000     
   9720.00000000000     
   9760.00000000000     
   9800.00000000000     
   9840.00000000000     
   9880.00000000000     
   9920.00000000000     
   9960.00000000000     
   10000.0000000000     
